-2.000000 0.831433
-1.992000 0.829384
-1.984000 0.827325
-1.976000 0.825257
-1.968000 0.823177
-1.960000 0.821088
-1.952000 0.818988
-1.944000 0.816878
-1.936000 0.814758
-1.928000 0.812628
-1.920000 0.810487
-1.912000 0.808336
-1.904000 0.806175
-1.896000 0.804003
-1.888000 0.801821
-1.880000 0.799629
-1.872000 0.797427
-1.864000 0.795215
-1.856000 0.792992
-1.848000 0.790759
-1.840000 0.788515
-1.832000 0.786262
-1.824000 0.783998
-1.816000 0.781724
-1.808000 0.779440
-1.800000 0.777145
-1.792000 0.774840
-1.784000 0.772525
-1.776000 0.770200
-1.768000 0.767864
-1.760000 0.765518
-1.752000 0.763162
-1.744000 0.760795
-1.736000 0.758419
-1.728000 0.756032
-1.720000 0.753634
-1.712000 0.751227
-1.704000 0.748809
-1.696000 0.746381
-1.688000 0.743943
-1.680000 0.741494
-1.672000 0.739036
-1.664000 0.736567
-1.656000 0.734087
-1.648000 0.731598
-1.640000 0.729098
-1.632000 0.726588
-1.624000 0.724068
-1.616000 0.721537
-1.608000 0.718996
-1.600000 0.716445
-1.592000 0.713884
-1.584000 0.711312
-1.576000 0.708730
-1.568000 0.706138
-1.560000 0.703536
-1.552000 0.700923
-1.544000 0.698300
-1.536000 0.695667
-1.528000 0.693023
-1.520000 0.690370
-1.512000 0.687706
-1.504000 0.685031
-1.496000 0.682347
-1.488000 0.679652
-1.480000 0.676947
-1.472000 0.674232
-1.464000 0.671506
-1.456000 0.668770
-1.448000 0.666024
-1.440000 0.663268
-1.432000 0.660502
-1.424000 0.657725
-1.416000 0.654938
-1.408000 0.652140
-1.400000 0.649333
-1.392000 0.646515
-1.384000 0.643687
-1.376000 0.640848
-1.368000 0.638000
-1.360000 0.635141
-1.352000 0.632272
-1.344000 0.629392
-1.336000 0.626502
-1.328000 0.623602
-1.320000 0.620692
-1.312000 0.617772
-1.304000 0.614841
-1.296000 0.611900
-1.288000 0.608949
-1.280000 0.605987
-1.272000 0.603016
-1.264000 0.600034
-1.256000 0.597041
-1.248000 0.594039
-1.240000 0.591026
-1.232000 0.588003
-1.224000 0.584970
-1.216000 0.581926
-1.208000 0.578872
-1.200000 0.575808
-1.192000 0.572734
-1.184000 0.569649
-1.176000 0.566554
-1.168000 0.563449
-1.160000 0.560334
-1.152000 0.557208
-1.144000 0.554072
-1.136000 0.550926
-1.128000 0.547769
-1.120000 0.544603
-1.112000 0.541426
-1.104000 0.538238
-1.096000 0.535041
-1.088000 0.531833
-1.080000 0.528615
-1.072000 0.525387
-1.064000 0.522148
-1.056000 0.518900
-1.048000 0.515641
-1.040000 0.512371
-1.032000 0.509092
-1.024000 0.505802
-1.016000 0.502502
-1.008000 0.499192
-1.000000 0.495871
-0.992000 0.492540
-0.984000 0.489199
-0.976000 0.485848
-0.968000 0.482486
-0.960000 0.479114
-0.952000 0.475732
-0.944000 0.472339
-0.936000 0.468937
-0.928000 0.465524
-0.920000 0.462101
-0.912000 0.458667
-0.904000 0.455223
-0.896000 0.451769
-0.888000 0.448305
-0.880000 0.444831
-0.872000 0.441346
-0.864000 0.437851
-0.856000 0.434346
-0.848000 0.430830
-0.840000 0.427304
-0.832000 0.423768
-0.824000 0.420222
-0.816000 0.416665
-0.808000 0.413099
-0.800000 0.409521
-0.792000 0.405934
-0.784000 0.402336
-0.776000 0.398729
-0.768000 0.395110
-0.760000 0.391482
-0.752000 0.387843
-0.744000 0.384195
-0.736000 0.380535
-0.728000 0.376866
-0.720000 0.373186
-0.712000 0.369496
-0.704000 0.365796
-0.696000 0.362086
-0.688000 0.358365
-0.680000 0.354634
-0.672000 0.350893
-0.664000 0.347141
-0.656000 0.343379
-0.648000 0.339607
-0.640000 0.335825
-0.632000 0.332032
-0.624000 0.328230
-0.616000 0.324417
-0.608000 0.320593
-0.600000 0.316760
-0.592000 0.312916
-0.584000 0.309062
-0.576000 0.305197
-0.568000 0.301323
-0.560000 0.297438
-0.552000 0.293543
-0.544000 0.289637
-0.536000 0.285722
-0.528000 0.281796
-0.520000 0.277859
-0.512000 0.273913
-0.504000 0.269956
-0.496000 0.265989
-0.488000 0.262012
-0.480000 0.258025
-0.472000 0.254027
-0.464000 0.250019
-0.456000 0.246001
-0.448000 0.241972
-0.440000 0.237933
-0.432000 0.233884
-0.424000 0.229825
-0.416000 0.225755
-0.408000 0.221676
-0.400000 0.217585
-0.392000 0.213485
-0.384000 0.209375
-0.376000 0.205254
-0.368000 0.201123
-0.360000 0.196981
-0.352000 0.192830
-0.344000 0.188668
-0.336000 0.184495
-0.328000 0.180313
-0.320000 0.176120
-0.312000 0.171917
-0.304000 0.167704
-0.296000 0.163481
-0.288000 0.159247
-0.280000 0.155003
-0.272000 0.150749
-0.264000 0.146484
-0.256000 0.142210
-0.248000 0.137925
-0.240000 0.133629
-0.232000 0.129324
-0.224000 0.125008
-0.216000 0.120682
-0.208000 0.116346
-0.200000 0.111999
-0.192000 0.107642
-0.184000 0.103275
-0.176000 0.098898
-0.168000 0.094510
-0.160000 0.090112
-0.152000 0.085704
-0.144000 0.081286
-0.136000 0.076857
-0.128000 0.072418
-0.120000 0.067969
-0.112000 0.063509
-0.104000 0.059040
-0.096000 0.054560
-0.088000 0.050070
-0.080000 0.045569
-0.072000 0.041058
-0.064000 0.036537
-0.056000 0.032006
-0.048000 0.027465
-0.040000 0.022913
-0.032000 0.018351
-0.024000 0.013778
-0.016000 0.009196
-0.008000 0.004603
0.000000 0.000000
0.008000 -0.004613
0.016000 -0.009237
0.024000 -0.013871
0.032000 -0.018515
0.040000 -0.023169
0.048000 -0.027834
0.056000 -0.032509
0.064000 -0.037194
0.072000 -0.041889
0.080000 -0.046595
0.088000 -0.051311
0.096000 -0.056037
0.104000 -0.060774
0.112000 -0.065520
0.120000 -0.070277
0.128000 -0.075045
0.136000 -0.079822
0.144000 -0.084610
0.152000 -0.089408
0.160000 -0.094216
0.168000 -0.099035
0.176000 -0.103863
0.184000 -0.108702
0.192000 -0.113552
0.200000 -0.118411
0.208000 -0.123281
0.216000 -0.128161
0.224000 -0.133052
0.232000 -0.137952
0.240000 -0.142863
0.248000 -0.147784
0.256000 -0.152716
0.264000 -0.157657
0.272000 -0.162609
0.280000 -0.167571
0.288000 -0.172544
0.296000 -0.177526
0.304000 -0.182519
0.312000 -0.187523
0.320000 -0.192536
0.328000 -0.197560
0.336000 -0.202594
0.344000 -0.207638
0.352000 -0.212692
0.360000 -0.217757
0.368000 -0.222832
0.376000 -0.227918
0.384000 -0.233013
0.392000 -0.238119
0.400000 -0.243235
0.408000 -0.248361
0.416000 -0.253498
0.424000 -0.258645
0.432000 -0.263802
0.440000 -0.268969
0.448000 -0.274147
0.456000 -0.279335
0.464000 -0.284533
0.472000 -0.289741
0.480000 -0.294960
0.488000 -0.300189
0.496000 -0.305428
0.504000 -0.310677
0.512000 -0.315937
0.520000 -0.321207
0.528000 -0.326487
0.536000 -0.331778
0.544000 -0.337079
0.552000 -0.342390
0.560000 -0.347711
0.568000 -0.353042
0.576000 -0.358384
0.584000 -0.363736
0.592000 -0.369098
0.600000 -0.374471
0.608000 -0.379854
0.616000 -0.385247
0.624000 -0.390650
0.632000 -0.396064
0.640000 -0.401488
0.648000 -0.406922
0.656000 -0.412366
0.664000 -0.417821
0.672000 -0.423286
0.680000 -0.428761
0.688000 -0.434246
0.696000 -0.439742
0.704000 -0.445248
0.712000 -0.450764
0.720000 -0.456291
0.728000 -0.461827
0.736000 -0.467374
0.744000 -0.472931
0.752000 -0.478499
0.760000 -0.484077
0.768000 -0.489665
0.776000 -0.495263
0.784000 -0.500872
0.792000 -0.506490
0.800000 -0.512119
0.808000 -0.517759
0.816000 -0.523408
0.824000 -0.529068
0.832000 -0.534738
0.840000 -0.540419
0.848000 -0.546109
0.856000 -0.551810
0.864000 -0.557521
0.872000 -0.563243
0.880000 -0.568974
0.888000 -0.574716
0.896000 -0.580468
0.904000 -0.586231
0.912000 -0.592003
0.920000 -0.597786
0.928000 -0.603580
0.936000 -0.609383
0.944000 -0.615197
0.952000 -0.621021
0.960000 -0.626855
0.968000 -0.632700
0.976000 -0.638554
0.984000 -0.644419
0.992000 -0.650295
1.000000 -0.656180
1.008000 -0.662076
1.016000 -0.667982
1.024000 -0.673898
1.032000 -0.679825
1.040000 -0.685762
1.048000 -0.691709
1.056000 -0.697666
1.064000 -0.703634
1.072000 -0.709612
1.080000 -0.715600
1.088000 -0.721598
1.096000 -0.727607
1.104000 -0.733626
1.112000 -0.739655
1.120000 -0.745695
1.128000 -0.751744
1.136000 -0.757804
1.144000 -0.763874
1.152000 -0.769955
1.160000 -0.776046
1.168000 -0.782147
1.176000 -0.788258
1.184000 -0.794380
1.192000 -0.800511
1.200000 -0.806653
1.208000 -0.812806
1.216000 -0.818968
1.224000 -0.825141
1.232000 -0.831324
1.240000 -0.837517
1.248000 -0.843721
1.256000 -0.849935
1.264000 -0.856159
1.272000 -0.862393
1.280000 -0.868638
1.288000 -0.874893
1.296000 -0.881158
1.304000 -0.887434
1.312000 -0.893719
1.320000 -0.900015
1.328000 -0.906321
1.336000 -0.912638
1.344000 -0.918965
1.352000 -0.925302
1.360000 -0.931649
1.368000 -0.938006
1.376000 -0.944374
1.384000 -0.950752
1.392000 -0.957140
1.400000 -0.963539
1.408000 -0.969948
1.416000 -0.976367
1.424000 -0.982796
1.432000 -0.989236
1.440000 -0.995685
1.448000 -1.002146
1.456000 -1.008616
1.464000 -1.015097
1.472000 -1.021587
1.480000 -1.028089
1.488000 -1.034600
1.496000 -1.041122
1.504000 -1.047654
1.512000 -1.054196
1.520000 -1.060748
1.528000 -1.067311
1.536000 -1.073884
1.544000 -1.080467
1.552000 -1.087060
1.560000 -1.093664
1.568000 -1.100278
1.576000 -1.106902
1.584000 -1.113537
1.592000 -1.120182
1.600000 -1.126837
1.608000 -1.133502
1.616000 -1.140178
1.624000 -1.146863
1.632000 -1.153559
1.640000 -1.160266
1.648000 -1.166982
1.656000 -1.173709
1.664000 -1.180446
1.672000 -1.187194
1.680000 -1.193951
1.688000 -1.200719
1.696000 -1.207497
1.704000 -1.214286
1.712000 -1.221084
1.720000 -1.227893
1.728000 -1.234713
1.736000 -1.241542
1.744000 -1.248382
1.752000 -1.255232
1.760000 -1.262092
1.768000 -1.268962
1.776000 -1.275843
1.784000 -1.282734
1.792000 -1.289635
1.800000 -1.296547
1.808000 -1.303469
1.816000 -1.310401
1.824000 -1.317343
1.832000 -1.324296
1.840000 -1.331259
1.848000 -1.338232
1.856000 -1.345215
1.864000 -1.352209
1.872000 -1.359212
1.880000 -1.366227
1.888000 -1.373251
1.896000 -1.380286
1.904000 -1.387331
1.912000 -1.394386
1.920000 -1.401451
1.928000 -1.408527
1.936000 -1.415613
1.944000 -1.422709
1.952000 -1.429815
1.960000 -1.436932
1.968000 -1.444059
1.976000 -1.451196
1.984000 -1.458344
1.992000 -1.465502
2.000000 -1.472670
