-2.000000 0.831318
-1.992000 0.821761
-1.984000 0.811923
-1.976000 0.801808
-1.968000 0.791418
-1.960000 0.780755
-1.952000 0.769822
-1.944000 0.758622
-1.936000 0.747157
-1.928000 0.735431
-1.920000 0.723445
-1.912000 0.711204
-1.904000 0.698709
-1.896000 0.685964
-1.888000 0.672972
-1.880000 0.659736
-1.872000 0.646260
-1.864000 0.632546
-1.856000 0.618597
-1.848000 0.604418
-1.840000 0.590011
-1.832000 0.575380
-1.824000 0.560529
-1.816000 0.545461
-1.808000 0.530180
-1.800000 0.514689
-1.792000 0.498992
-1.784000 0.483093
-1.776000 0.466996
-1.768000 0.450705
-1.760000 0.434224
-1.752000 0.417557
-1.744000 0.400708
-1.736000 0.383681
-1.728000 0.366481
-1.720000 0.349112
-1.712000 0.331577
-1.704000 0.313882
-1.696000 0.296032
-1.688000 0.278029
-1.680000 0.259880
-1.672000 0.241589
-1.664000 0.223159
-1.656000 0.204597
-1.648000 0.185907
-1.640000 0.167094
-1.632000 0.148162
-1.624000 0.129117
-1.616000 0.109963
-1.608000 0.090706
-1.600000 0.071350
-1.592000 0.051901
-1.584000 0.032363
-1.576000 0.012743
-1.568000 -0.006955
-1.560000 -0.026726
-1.552000 -0.046564
-1.544000 -0.066463
-1.536000 -0.086420
-1.528000 -0.106427
-1.520000 -0.126481
-1.512000 -0.146574
-1.504000 -0.166702
-1.496000 -0.186860
-1.488000 -0.207041
-1.480000 -0.227241
-1.472000 -0.247453
-1.464000 -0.267672
-1.456000 -0.287892
-1.448000 -0.308108
-1.440000 -0.328314
-1.432000 -0.348505
-1.424000 -0.368674
-1.416000 -0.388816
-1.408000 -0.408926
-1.400000 -0.428997
-1.392000 -0.449024
-1.384000 -0.469002
-1.376000 -0.488923
-1.368000 -0.508784
-1.360000 -0.528577
-1.352000 -0.548298
-1.344000 -0.567940
-1.336000 -0.587499
-1.328000 -0.606967
-1.320000 -0.626340
-1.312000 -0.645612
-1.304000 -0.664776
-1.296000 -0.683829
-1.288000 -0.702763
-1.280000 -0.721573
-1.272000 -0.740254
-1.264000 -0.758800
-1.256000 -0.777205
-1.248000 -0.795465
-1.240000 -0.813573
-1.232000 -0.831524
-1.224000 -0.849312
-1.216000 -0.866933
-1.208000 -0.884380
-1.200000 -0.901649
-1.192000 -0.918734
-1.184000 -0.935630
-1.176000 -0.952331
-1.168000 -0.968833
-1.160000 -0.985130
-1.152000 -1.001218
-1.144000 -1.017090
-1.136000 -1.032743
-1.128000 -1.048171
-1.120000 -1.063369
-1.112000 -1.078333
-1.104000 -1.093057
-1.096000 -1.107537
-1.088000 -1.121769
-1.080000 -1.135747
-1.072000 -1.149467
-1.064000 -1.162925
-1.056000 -1.176116
-1.048000 -1.189036
-1.040000 -1.201680
-1.032000 -1.214045
-1.024000 -1.226125
-1.016000 -1.237918
-1.008000 -1.249418
-1.000000 -1.260622
-0.992000 -1.271527
-0.984000 -1.282128
-0.976000 -1.292421
-0.968000 -1.302404
-0.960000 -1.312071
-0.952000 -1.321421
-0.944000 -1.330449
-0.936000 -1.339153
-0.928000 -1.347528
-0.920000 -1.355572
-0.912000 -1.363282
-0.904000 -1.370654
-0.896000 -1.377686
-0.888000 -1.384376
-0.880000 -1.390719
-0.872000 -1.396715
-0.864000 -1.402359
-0.856000 -1.407650
-0.848000 -1.412586
-0.840000 -1.417163
-0.832000 -1.421381
-0.824000 -1.425236
-0.816000 -1.428728
-0.808000 -1.431853
-0.800000 -1.434611
-0.792000 -1.436999
-0.784000 -1.439017
-0.776000 -1.440662
-0.768000 -1.441933
-0.760000 -1.442829
-0.752000 -1.443349
-0.744000 -1.443491
-0.736000 -1.443256
-0.728000 -1.442641
-0.720000 -1.441646
-0.712000 -1.440271
-0.704000 -1.438514
-0.696000 -1.436377
-0.688000 -1.433857
-0.680000 -1.430955
-0.672000 -1.427671
-0.664000 -1.424004
-0.656000 -1.419956
-0.648000 -1.415525
-0.640000 -1.410713
-0.632000 -1.405519
-0.624000 -1.399945
-0.616000 -1.393990
-0.608000 -1.387656
-0.600000 -1.380943
-0.592000 -1.373853
-0.584000 -1.366386
-0.576000 -1.358543
-0.568000 -1.350326
-0.560000 -1.341736
-0.552000 -1.332774
-0.544000 -1.323443
-0.536000 -1.313743
-0.528000 -1.303676
-0.520000 -1.293245
-0.512000 -1.282452
-0.504000 -1.271298
-0.496000 -1.259785
-0.488000 -1.247916
-0.480000 -1.235693
-0.472000 -1.223120
-0.464000 -1.210197
-0.456000 -1.196929
-0.448000 -1.183317
-0.440000 -1.169365
-0.432000 -1.155075
-0.424000 -1.140452
-0.416000 -1.125497
-0.408000 -1.110215
-0.400000 -1.094608
-0.392000 -1.078680
-0.384000 -1.062435
-0.376000 -1.045876
-0.368000 -1.029007
-0.360000 -1.011832
-0.352000 -0.994355
-0.344000 -0.976579
-0.336000 -0.958510
-0.328000 -0.940150
-0.320000 -0.921505
-0.312000 -0.902578
-0.304000 -0.883375
-0.296000 -0.863900
-0.288000 -0.844156
-0.280000 -0.824150
-0.272000 -0.803886
-0.264000 -0.783368
-0.256000 -0.762602
-0.248000 -0.741593
-0.240000 -0.720345
-0.232000 -0.698864
-0.224000 -0.677155
-0.216000 -0.655223
-0.208000 -0.633074
-0.200000 -0.610714
-0.192000 -0.588147
-0.184000 -0.565379
-0.176000 -0.542416
-0.168000 -0.519264
-0.160000 -0.495928
-0.152000 -0.472415
-0.144000 -0.448729
-0.136000 -0.424877
-0.128000 -0.400866
-0.120000 -0.376700
-0.112000 -0.352387
-0.104000 -0.327932
-0.096000 -0.303341
-0.088000 -0.278621
-0.080000 -0.253778
-0.072000 -0.228819
-0.064000 -0.203749
-0.056000 -0.178575
-0.048000 -0.153304
-0.040000 -0.127943
-0.032000 -0.102496
-0.024000 -0.076972
-0.016000 -0.051377
-0.008000 -0.025718
0.000000 0.000000
0.008000 0.025769
0.016000 0.051582
0.024000 0.077433
0.032000 0.103315
0.040000 0.129221
0.048000 0.155145
0.056000 0.181079
0.064000 0.207017
0.072000 0.232951
0.080000 0.258876
0.088000 0.284784
0.096000 0.310668
0.104000 0.336522
0.112000 0.362339
0.120000 0.388110
0.128000 0.413831
0.136000 0.439494
0.144000 0.465092
0.152000 0.490617
0.160000 0.516064
0.168000 0.541426
0.176000 0.566695
0.184000 0.591865
0.192000 0.616929
0.200000 0.641880
0.208000 0.666711
0.216000 0.691416
0.224000 0.715987
0.232000 0.740419
0.240000 0.764704
0.248000 0.788836
0.256000 0.812808
0.264000 0.836613
0.272000 0.860246
0.280000 0.883699
0.288000 0.906966
0.296000 0.930040
0.304000 0.952915
0.312000 0.975585
0.320000 0.998043
0.328000 1.020283
0.336000 1.042299
0.344000 1.064085
0.352000 1.085634
0.360000 1.106940
0.368000 1.127998
0.376000 1.148801
0.384000 1.169343
0.392000 1.189619
0.400000 1.209623
0.408000 1.229349
0.416000 1.248791
0.424000 1.267944
0.432000 1.286802
0.440000 1.305360
0.448000 1.323612
0.456000 1.341553
0.464000 1.359178
0.472000 1.376482
0.480000 1.393459
0.488000 1.410104
0.496000 1.426413
0.504000 1.442381
0.512000 1.458003
0.520000 1.473274
0.528000 1.488189
0.536000 1.502744
0.544000 1.516936
0.552000 1.530758
0.560000 1.544207
0.568000 1.557280
0.576000 1.569971
0.584000 1.582277
0.592000 1.594194
0.600000 1.605719
0.608000 1.616847
0.616000 1.627575
0.624000 1.637899
0.632000 1.647817
0.640000 1.657324
0.648000 1.666418
0.656000 1.675096
0.664000 1.683355
0.672000 1.691191
0.680000 1.698602
0.688000 1.705586
0.696000 1.712140
0.704000 1.718261
0.712000 1.723948
0.720000 1.729198
0.728000 1.734009
0.736000 1.738378
0.744000 1.742305
0.752000 1.745788
0.760000 1.748824
0.768000 1.751413
0.776000 1.753552
0.784000 1.755242
0.792000 1.756480
0.800000 1.757265
0.808000 1.757597
0.816000 1.757475
0.824000 1.756898
0.832000 1.755866
0.840000 1.754378
0.848000 1.752434
0.856000 1.750033
0.864000 1.747177
0.872000 1.743864
0.880000 1.740095
0.888000 1.735870
0.896000 1.731190
0.904000 1.726055
0.912000 1.720465
0.920000 1.714423
0.928000 1.707928
0.936000 1.700981
0.944000 1.693584
0.952000 1.685739
0.960000 1.677445
0.968000 1.668706
0.976000 1.659522
0.984000 1.649896
0.992000 1.639828
1.000000 1.629322
1.008000 1.618380
1.016000 1.607002
1.024000 1.595193
1.032000 1.582954
1.040000 1.570288
1.048000 1.557198
1.056000 1.543686
1.064000 1.529756
1.072000 1.515410
1.080000 1.500652
1.088000 1.485485
1.096000 1.469913
1.104000 1.453938
1.112000 1.437565
1.120000 1.420797
1.128000 1.403638
1.136000 1.386092
1.144000 1.368163
1.152000 1.349855
1.160000 1.331173
1.168000 1.312121
1.176000 1.292703
1.184000 1.272924
1.192000 1.252788
1.200000 1.232301
1.208000 1.211468
1.216000 1.190292
1.224000 1.168780
1.232000 1.146936
1.240000 1.124766
1.248000 1.102275
1.256000 1.079469
1.264000 1.056353
1.272000 1.032932
1.280000 1.009213
1.288000 0.985200
1.296000 0.960901
1.304000 0.936321
1.312000 0.911466
1.320000 0.886342
1.328000 0.860955
1.336000 0.835312
1.344000 0.809419
1.352000 0.783282
1.360000 0.756908
1.368000 0.730304
1.376000 0.703475
1.384000 0.676429
1.392000 0.649173
1.400000 0.621713
1.408000 0.594056
1.416000 0.566209
1.424000 0.538179
1.432000 0.509973
1.440000 0.481598
1.448000 0.453061
1.456000 0.424370
1.464000 0.395532
1.472000 0.366554
1.480000 0.337443
1.488000 0.308206
1.496000 0.278852
1.504000 0.249388
1.512000 0.219820
1.520000 0.190157
1.528000 0.160407
1.536000 0.130576
1.544000 0.100672
1.552000 0.070703
1.560000 0.040677
1.568000 0.010601
1.576000 -0.019516
1.584000 -0.049668
1.592000 -0.079847
1.600000 -0.110044
1.608000 -0.140252
1.616000 -0.170464
1.624000 -0.200671
1.632000 -0.230865
1.640000 -0.261039
1.648000 -0.291185
1.656000 -0.321295
1.664000 -0.351362
1.672000 -0.381377
1.680000 -0.411332
1.688000 -0.441220
1.696000 -0.471034
1.704000 -0.500764
1.712000 -0.530404
1.720000 -0.559945
1.728000 -0.589381
1.736000 -0.618702
1.744000 -0.647901
1.752000 -0.676971
1.760000 -0.705904
1.768000 -0.734691
1.776000 -0.763326
1.784000 -0.791801
1.792000 -0.820107
1.800000 -0.848238
1.808000 -0.876186
1.816000 -0.903942
1.824000 -0.931500
1.832000 -0.958852
1.840000 -0.985991
1.848000 -1.012908
1.856000 -1.039597
1.864000 -1.066049
1.872000 -1.092258
1.880000 -1.118216
1.888000 -1.143916
1.896000 -1.169350
1.904000 -1.194511
1.912000 -1.219392
1.920000 -1.243985
1.928000 -1.268284
1.936000 -1.292280
1.944000 -1.315966
1.952000 -1.339337
1.960000 -1.362383
1.968000 -1.385099
1.976000 -1.407477
1.984000 -1.429510
1.992000 -1.451190
2.000000 -1.472512
