-2.000000 0.412920
-1.992000 0.411876
-1.984000 0.410828
-1.976000 0.409775
-1.968000 0.408717
-1.960000 0.407654
-1.952000 0.406587
-1.944000 0.405514
-1.936000 0.404437
-1.928000 0.403354
-1.920000 0.402267
-1.912000 0.401175
-1.904000 0.400078
-1.896000 0.398976
-1.888000 0.397869
-1.880000 0.396757
-1.872000 0.395641
-1.864000 0.394519
-1.856000 0.393393
-1.848000 0.392262
-1.840000 0.391125
-1.832000 0.389984
-1.824000 0.388838
-1.816000 0.387688
-1.808000 0.386532
-1.800000 0.385371
-1.792000 0.384206
-1.784000 0.383036
-1.776000 0.381860
-1.768000 0.380680
-1.760000 0.379495
-1.752000 0.378305
-1.744000 0.377111
-1.736000 0.375911
-1.728000 0.374706
-1.720000 0.373497
-1.712000 0.372283
-1.704000 0.371063
-1.696000 0.369839
-1.688000 0.368610
-1.680000 0.367377
-1.672000 0.366138
-1.664000 0.364894
-1.656000 0.363646
-1.648000 0.362392
-1.640000 0.361134
-1.632000 0.359871
-1.624000 0.358603
-1.616000 0.357330
-1.608000 0.356052
-1.600000 0.354769
-1.592000 0.353481
-1.584000 0.352189
-1.576000 0.350892
-1.568000 0.349589
-1.560000 0.348282
-1.552000 0.346970
-1.544000 0.345653
-1.536000 0.344331
-1.528000 0.343005
-1.520000 0.341673
-1.512000 0.340337
-1.504000 0.338995
-1.496000 0.337649
-1.488000 0.336298
-1.480000 0.334942
-1.472000 0.333581
-1.464000 0.332215
-1.456000 0.330844
-1.448000 0.329469
-1.440000 0.328088
-1.432000 0.326703
-1.424000 0.325313
-1.416000 0.323917
-1.408000 0.322517
-1.400000 0.321113
-1.392000 0.319703
-1.384000 0.318288
-1.376000 0.316869
-1.368000 0.315444
-1.360000 0.314015
-1.352000 0.312581
-1.344000 0.311141
-1.336000 0.309697
-1.328000 0.308249
-1.320000 0.306795
-1.312000 0.305336
-1.304000 0.303873
-1.296000 0.302404
-1.288000 0.300931
-1.280000 0.299453
-1.272000 0.297970
-1.264000 0.296482
-1.256000 0.294989
-1.248000 0.293491
-1.240000 0.291988
-1.232000 0.290481
-1.224000 0.288968
-1.216000 0.287451
-1.208000 0.285929
-1.200000 0.284402
-1.192000 0.282870
-1.184000 0.281333
-1.176000 0.279791
-1.168000 0.278245
-1.160000 0.276693
-1.152000 0.275137
-1.144000 0.273576
-1.136000 0.272009
-1.128000 0.270438
-1.120000 0.268862
-1.112000 0.267282
-1.104000 0.265696
-1.096000 0.264105
-1.088000 0.262510
-1.080000 0.260909
-1.072000 0.259304
-1.064000 0.257694
-1.056000 0.256079
-1.048000 0.254459
-1.040000 0.252834
-1.032000 0.251205
-1.024000 0.249570
-1.016000 0.247931
-1.008000 0.246286
-1.000000 0.244637
-0.992000 0.242983
-0.984000 0.241324
-0.976000 0.239660
-0.968000 0.237991
-0.960000 0.236318
-0.952000 0.234639
-0.944000 0.232956
-0.936000 0.231267
-0.928000 0.229574
-0.920000 0.227876
-0.912000 0.226173
-0.904000 0.224465
-0.896000 0.222752
-0.888000 0.221035
-0.880000 0.219312
-0.872000 0.217585
-0.864000 0.215852
-0.856000 0.214115
-0.848000 0.212373
-0.840000 0.210626
-0.832000 0.208874
-0.824000 0.207118
-0.816000 0.205356
-0.808000 0.203589
-0.800000 0.201818
-0.792000 0.200042
-0.784000 0.198260
-0.776000 0.196474
-0.768000 0.194683
-0.760000 0.192888
-0.752000 0.191087
-0.744000 0.189281
-0.736000 0.187471
-0.728000 0.185655
-0.720000 0.183835
-0.712000 0.182010
-0.704000 0.180180
-0.696000 0.178345
-0.688000 0.176505
-0.680000 0.174661
-0.672000 0.172811
-0.664000 0.170956
-0.656000 0.169097
-0.648000 0.167233
-0.640000 0.165364
-0.632000 0.163490
-0.624000 0.161611
-0.616000 0.159727
-0.608000 0.157838
-0.600000 0.155945
-0.592000 0.154046
-0.584000 0.152143
-0.576000 0.150235
-0.568000 0.148322
-0.560000 0.146404
-0.552000 0.144481
-0.544000 0.142553
-0.536000 0.140620
-0.528000 0.138683
-0.520000 0.136740
-0.512000 0.134793
-0.504000 0.132841
-0.496000 0.130884
-0.488000 0.128922
-0.480000 0.126955
-0.472000 0.124983
-0.464000 0.123006
-0.456000 0.121025
-0.448000 0.119038
-0.440000 0.117047
-0.432000 0.115051
-0.424000 0.113050
-0.416000 0.111044
-0.408000 0.109033
-0.400000 0.107017
-0.392000 0.104997
-0.384000 0.102971
-0.376000 0.100941
-0.368000 0.098906
-0.360000 0.096865
-0.352000 0.094820
-0.344000 0.092770
-0.336000 0.090716
-0.328000 0.088656
-0.320000 0.086591
-0.312000 0.084522
-0.304000 0.082447
-0.296000 0.080368
-0.288000 0.078284
-0.280000 0.076195
-0.272000 0.074101
-0.264000 0.072002
-0.256000 0.069898
-0.248000 0.067790
-0.240000 0.065676
-0.232000 0.063558
-0.224000 0.061435
-0.216000 0.059307
-0.208000 0.057174
-0.200000 0.055036
-0.192000 0.052893
-0.184000 0.050745
-0.176000 0.048593
-0.168000 0.046435
-0.160000 0.044273
-0.152000 0.042106
-0.144000 0.039934
-0.136000 0.037757
-0.128000 0.035575
-0.120000 0.033388
-0.112000 0.031196
-0.104000 0.029000
-0.096000 0.026798
-0.088000 0.024592
-0.080000 0.022381
-0.072000 0.020165
-0.064000 0.017944
-0.056000 0.015718
-0.048000 0.013487
-0.040000 0.011251
-0.032000 0.009011
-0.024000 0.006766
-0.016000 0.004515
-0.008000 0.002260
0.000000 0.000000
0.008000 -0.002265
0.016000 -0.004535
0.024000 -0.006810
0.032000 -0.009089
0.040000 -0.011374
0.048000 -0.013663
0.056000 -0.015957
0.064000 -0.018256
0.072000 -0.020561
0.080000 -0.022869
0.088000 -0.025183
0.096000 -0.027502
0.104000 -0.029826
0.112000 -0.032154
0.120000 -0.034487
0.128000 -0.036826
0.136000 -0.039169
0.144000 -0.041517
0.152000 -0.043870
0.160000 -0.046228
0.168000 -0.048590
0.176000 -0.050958
0.184000 -0.053330
0.192000 -0.055708
0.200000 -0.058090
0.208000 -0.060477
0.216000 -0.062869
0.224000 -0.065266
0.232000 -0.067668
0.240000 -0.070074
0.248000 -0.072486
0.256000 -0.074902
0.264000 -0.077324
0.272000 -0.079750
0.280000 -0.082181
0.288000 -0.084617
0.296000 -0.087058
0.304000 -0.089504
0.312000 -0.091954
0.320000 -0.094410
0.328000 -0.096870
0.336000 -0.099336
0.344000 -0.101806
0.352000 -0.104281
0.360000 -0.106761
0.368000 -0.109246
0.376000 -0.111735
0.384000 -0.114230
0.392000 -0.116730
0.400000 -0.119234
0.408000 -0.121743
0.416000 -0.124258
0.424000 -0.126777
0.432000 -0.129301
0.440000 -0.131829
0.448000 -0.134363
0.456000 -0.136902
0.464000 -0.139445
0.472000 -0.141994
0.480000 -0.144547
0.488000 -0.147105
0.496000 -0.149668
0.504000 -0.152236
0.512000 -0.154809
0.520000 -0.157386
0.528000 -0.159969
0.536000 -0.162557
0.544000 -0.165149
0.552000 -0.167746
0.560000 -0.170348
0.568000 -0.172955
0.576000 -0.175567
0.584000 -0.178184
0.592000 -0.180806
0.600000 -0.183432
0.608000 -0.186064
0.616000 -0.188700
0.624000 -0.191341
0.632000 -0.193987
0.640000 -0.196638
0.648000 -0.199294
0.656000 -0.201955
0.664000 -0.204621
0.672000 -0.207291
0.680000 -0.209967
0.688000 -0.212647
0.696000 -0.215332
0.704000 -0.218022
0.712000 -0.220717
0.720000 -0.223417
0.728000 -0.226122
0.736000 -0.228832
0.744000 -0.231546
0.752000 -0.234266
0.760000 -0.236990
0.768000 -0.239719
0.776000 -0.242453
0.784000 -0.245192
0.792000 -0.247936
0.800000 -0.250685
0.808000 -0.253438
0.816000 -0.256197
0.824000 -0.258960
0.832000 -0.261729
0.840000 -0.264502
0.848000 -0.267280
0.856000 -0.270063
0.864000 -0.272851
0.872000 -0.275643
0.880000 -0.278441
0.888000 -0.281243
0.896000 -0.284051
0.904000 -0.286863
0.912000 -0.289680
0.920000 -0.292502
0.928000 -0.295329
0.936000 -0.298161
0.944000 -0.300998
0.952000 -0.303839
0.960000 -0.306686
0.968000 -0.309537
0.976000 -0.312393
0.984000 -0.315254
0.992000 -0.318120
1.000000 -0.320991
1.008000 -0.323867
1.016000 -0.326748
1.024000 -0.329633
1.032000 -0.332524
1.040000 -0.335419
1.048000 -0.338319
1.056000 -0.341225
1.064000 -0.344135
1.072000 -0.347049
1.080000 -0.349969
1.088000 -0.352894
1.096000 -0.355823
1.104000 -0.358758
1.112000 -0.361697
1.120000 -0.364641
1.128000 -0.367590
1.136000 -0.370544
1.144000 -0.373503
1.152000 -0.376467
1.160000 -0.379436
1.168000 -0.382409
1.176000 -0.385388
1.184000 -0.388371
1.192000 -0.391359
1.200000 -0.394352
1.208000 -0.397350
1.216000 -0.400353
1.224000 -0.403361
1.232000 -0.406373
1.240000 -0.409391
1.248000 -0.412413
1.256000 -0.415441
1.264000 -0.418473
1.272000 -0.421510
1.280000 -0.424552
1.288000 -0.427599
1.296000 -0.430650
1.304000 -0.433707
1.312000 -0.436768
1.320000 -0.439835
1.328000 -0.442906
1.336000 -0.445982
1.344000 -0.449063
1.352000 -0.452149
1.360000 -0.455240
1.368000 -0.458336
1.376000 -0.461436
1.384000 -0.464542
1.392000 -0.467652
1.400000 -0.470767
1.408000 -0.473887
1.416000 -0.477012
1.424000 -0.480142
1.432000 -0.483277
1.440000 -0.486417
1.448000 -0.489561
1.456000 -0.492711
1.464000 -0.495865
1.472000 -0.499024
1.480000 -0.502188
1.488000 -0.505357
1.496000 -0.508531
1.504000 -0.511710
1.512000 -0.514894
1.520000 -0.518082
1.528000 -0.521276
1.536000 -0.524474
1.544000 -0.527677
1.552000 -0.530885
1.560000 -0.534098
1.568000 -0.537316
1.576000 -0.540539
1.584000 -0.543766
1.592000 -0.546999
1.600000 -0.550236
1.608000 -0.553479
1.616000 -0.556726
1.624000 -0.559978
1.632000 -0.563235
1.640000 -0.566497
1.648000 -0.569763
1.656000 -0.573035
1.664000 -0.576312
1.672000 -0.579593
1.680000 -0.582879
1.688000 -0.586170
1.696000 -0.589466
1.704000 -0.592767
1.712000 -0.596073
1.720000 -0.599384
1.728000 -0.602699
1.736000 -0.606020
1.744000 -0.609345
1.752000 -0.612676
1.760000 -0.616011
1.768000 -0.619351
1.776000 -0.622696
1.784000 -0.626045
1.792000 -0.629400
1.800000 -0.632760
1.808000 -0.636124
1.816000 -0.639493
1.824000 -0.642868
1.832000 -0.646247
1.840000 -0.649631
1.848000 -0.653020
1.856000 -0.656414
1.864000 -0.659812
1.872000 -0.663216
1.880000 -0.666624
1.888000 -0.670038
1.896000 -0.673456
1.904000 -0.676879
1.912000 -0.680307
1.920000 -0.683740
1.928000 -0.687177
1.936000 -0.690620
1.944000 -0.694068
1.952000 -0.697520
1.960000 -0.700977
1.968000 -0.704440
1.976000 -0.707907
1.984000 -0.711379
1.992000 -0.714855
2.000000 -0.718337
