-2.000000 0.831433
-1.992000 0.821824
-1.984000 0.811944
-1.976000 0.801793
-1.968000 0.791373
-1.960000 0.780687
-1.952000 0.769736
-1.944000 0.758522
-1.936000 0.747048
-1.928000 0.735316
-1.920000 0.723328
-1.912000 0.711088
-1.904000 0.698596
-1.896000 0.685857
-1.888000 0.672872
-1.880000 0.659645
-1.872000 0.646179
-1.864000 0.632476
-1.856000 0.618539
-1.848000 0.604372
-1.840000 0.589978
-1.832000 0.575360
-1.824000 0.560522
-1.816000 0.545466
-1.808000 0.530197
-1.800000 0.514718
-1.792000 0.499033
-1.784000 0.483145
-1.776000 0.467058
-1.768000 0.450777
-1.760000 0.434305
-1.752000 0.417646
-1.744000 0.400804
-1.736000 0.383784
-1.728000 0.366589
-1.720000 0.349224
-1.712000 0.331693
-1.704000 0.314001
-1.696000 0.296153
-1.688000 0.278151
-1.680000 0.260002
-1.672000 0.241710
-1.664000 0.223280
-1.656000 0.204716
-1.648000 0.186023
-1.640000 0.167206
-1.632000 0.148271
-1.624000 0.129221
-1.616000 0.110062
-1.608000 0.090799
-1.600000 0.071437
-1.592000 0.051981
-1.584000 0.032437
-1.576000 0.012809
-1.568000 -0.006897
-1.560000 -0.026675
-1.552000 -0.046521
-1.544000 -0.066429
-1.536000 -0.086394
-1.528000 -0.106410
-1.520000 -0.126472
-1.512000 -0.146574
-1.504000 -0.166710
-1.496000 -0.186876
-1.488000 -0.207066
-1.480000 -0.227273
-1.472000 -0.247493
-1.464000 -0.267720
-1.456000 -0.287948
-1.448000 -0.308171
-1.440000 -0.328385
-1.432000 -0.348582
-1.424000 -0.368758
-1.416000 -0.388906
-1.408000 -0.409021
-1.400000 -0.429098
-1.392000 -0.449130
-1.384000 -0.469111
-1.376000 -0.489037
-1.368000 -0.508901
-1.360000 -0.528698
-1.352000 -0.548422
-1.344000 -0.568066
-1.336000 -0.587626
-1.328000 -0.607096
-1.320000 -0.626470
-1.312000 -0.645742
-1.304000 -0.664907
-1.296000 -0.683959
-1.288000 -0.702892
-1.280000 -0.721701
-1.272000 -0.740381
-1.264000 -0.758924
-1.256000 -0.777328
-1.248000 -0.795584
-1.240000 -0.813689
-1.232000 -0.831636
-1.224000 -0.849421
-1.216000 -0.867037
-1.208000 -0.884480
-1.200000 -0.901744
-1.192000 -0.918824
-1.184000 -0.935714
-1.176000 -0.952410
-1.168000 -0.968906
-1.160000 -0.985197
-1.152000 -1.001278
-1.144000 -1.017144
-1.136000 -1.032791
-1.128000 -1.048212
-1.120000 -1.063403
-1.112000 -1.078360
-1.104000 -1.093077
-1.096000 -1.107550
-1.088000 -1.121775
-1.080000 -1.135746
-1.072000 -1.149459
-1.064000 -1.162910
-1.056000 -1.176094
-1.048000 -1.189007
-1.040000 -1.201644
-1.032000 -1.214002
-1.024000 -1.226076
-1.016000 -1.237862
-1.008000 -1.249356
-1.000000 -1.260554
-0.992000 -1.271452
-0.984000 -1.282047
-0.976000 -1.292335
-0.968000 -1.302312
-0.960000 -1.311975
-0.952000 -1.321320
-0.944000 -1.330343
-0.936000 -1.339042
-0.928000 -1.347413
-0.920000 -1.355454
-0.912000 -1.363160
-0.904000 -1.370529
-0.896000 -1.377558
-0.888000 -1.384245
-0.880000 -1.390586
-0.872000 -1.396580
-0.864000 -1.402222
-0.856000 -1.407512
-0.848000 -1.412447
-0.840000 -1.417024
-0.832000 -1.421241
-0.824000 -1.425096
-0.816000 -1.428588
-0.808000 -1.431714
-0.800000 -1.434473
-0.792000 -1.436862
-0.784000 -1.438881
-0.776000 -1.440528
-0.768000 -1.441801
-0.760000 -1.442700
-0.752000 -1.443223
-0.744000 -1.443368
-0.736000 -1.443136
-0.728000 -1.442525
-0.720000 -1.441534
-0.712000 -1.440163
-0.704000 -1.438411
-0.696000 -1.436277
-0.688000 -1.433763
-0.680000 -1.430866
-0.672000 -1.427587
-0.664000 -1.423926
-0.656000 -1.419883
-0.648000 -1.415458
-0.640000 -1.410652
-0.632000 -1.405464
-0.624000 -1.399896
-0.616000 -1.393947
-0.608000 -1.387620
-0.600000 -1.380913
-0.592000 -1.373829
-0.584000 -1.366369
-0.576000 -1.358533
-0.568000 -1.350322
-0.560000 -1.341739
-0.552000 -1.332784
-0.544000 -1.323459
-0.536000 -1.313766
-0.528000 -1.303706
-0.520000 -1.293281
-0.512000 -1.282494
-0.504000 -1.271346
-0.496000 -1.259840
-0.488000 -1.247977
-0.480000 -1.235760
-0.472000 -1.223192
-0.464000 -1.210276
-0.456000 -1.197013
-0.448000 -1.183406
-0.440000 -1.169460
-0.432000 -1.155175
-0.424000 -1.140556
-0.416000 -1.125606
-0.408000 -1.110328
-0.400000 -1.094726
-0.392000 -1.078802
-0.384000 -1.062560
-0.376000 -1.046005
-0.368000 -1.029139
-0.360000 -1.011967
-0.352000 -0.994492
-0.344000 -0.976719
-0.336000 -0.958652
-0.328000 -0.940294
-0.320000 -0.921651
-0.312000 -0.902725
-0.304000 -0.883523
-0.296000 -0.864048
-0.288000 -0.844305
-0.280000 -0.824299
-0.272000 -0.804035
-0.264000 -0.783517
-0.256000 -0.762750
-0.248000 -0.741739
-0.240000 -0.720490
-0.232000 -0.699007
-0.224000 -0.677296
-0.216000 -0.655363
-0.208000 -0.633211
-0.200000 -0.610848
-0.192000 -0.588278
-0.184000 -0.565507
-0.176000 -0.542540
-0.168000 -0.519385
-0.160000 -0.496045
-0.152000 -0.472527
-0.144000 -0.448837
-0.136000 -0.424980
-0.128000 -0.400964
-0.120000 -0.376793
-0.112000 -0.352474
-0.104000 -0.328014
-0.096000 -0.303418
-0.088000 -0.278692
-0.080000 -0.253843
-0.072000 -0.228877
-0.064000 -0.203801
-0.056000 -0.178622
-0.048000 -0.153344
-0.040000 -0.127976
-0.032000 -0.102523
-0.024000 -0.076992
-0.016000 -0.051391
-0.008000 -0.025724
0.000000 -0.000000
0.008000 0.025775
0.016000 0.051595
0.024000 0.077453
0.032000 0.103342
0.040000 0.129255
0.048000 0.155185
0.056000 0.181125
0.064000 0.207070
0.072000 0.233011
0.080000 0.258942
0.088000 0.284856
0.096000 0.310746
0.104000 0.336606
0.112000 0.362428
0.120000 0.388205
0.128000 0.413931
0.136000 0.439599
0.144000 0.465202
0.152000 0.490732
0.160000 0.516184
0.168000 0.541550
0.176000 0.566823
0.184000 0.591996
0.192000 0.617064
0.200000 0.642018
0.208000 0.666852
0.216000 0.691560
0.224000 0.716134
0.232000 0.740568
0.240000 0.764855
0.248000 0.788988
0.256000 0.812962
0.264000 0.836768
0.272000 0.860401
0.280000 0.883855
0.288000 0.907121
0.296000 0.930195
0.304000 0.953070
0.312000 0.975739
0.320000 0.998196
0.328000 1.020435
0.336000 1.042449
0.344000 1.064233
0.352000 1.085779
0.360000 1.107083
0.368000 1.128138
0.376000 1.148938
0.384000 1.169477
0.392000 1.189749
0.400000 1.209749
0.408000 1.229470
0.416000 1.248908
0.424000 1.268056
0.432000 1.286909
0.440000 1.305461
0.448000 1.323708
0.456000 1.341644
0.464000 1.359263
0.472000 1.376560
0.480000 1.393531
0.488000 1.410170
0.496000 1.426473
0.504000 1.442434
0.512000 1.458048
0.520000 1.473312
0.528000 1.488221
0.536000 1.502769
0.544000 1.516953
0.552000 1.530768
0.560000 1.544211
0.568000 1.557276
0.576000 1.569960
0.584000 1.582259
0.592000 1.594169
0.600000 1.605686
0.608000 1.616807
0.616000 1.627527
0.624000 1.637845
0.632000 1.647756
0.640000 1.657256
0.648000 1.666344
0.656000 1.675015
0.664000 1.683267
0.672000 1.691098
0.680000 1.698503
0.688000 1.705481
0.696000 1.712030
0.704000 1.718146
0.712000 1.723827
0.720000 1.729072
0.728000 1.733879
0.736000 1.738244
0.744000 1.742167
0.752000 1.745646
0.760000 1.748679
0.768000 1.751265
0.776000 1.753402
0.784000 1.755089
0.792000 1.756325
0.800000 1.757108
0.808000 1.757439
0.816000 1.757316
0.824000 1.756739
0.832000 1.755706
0.840000 1.754219
0.848000 1.752275
0.856000 1.749876
0.864000 1.747020
0.872000 1.743709
0.880000 1.739942
0.888000 1.735720
0.896000 1.731042
0.904000 1.725910
0.912000 1.720325
0.920000 1.714286
0.928000 1.707795
0.936000 1.700853
0.944000 1.693462
0.952000 1.685621
0.960000 1.677333
0.968000 1.668600
0.976000 1.659422
0.984000 1.649802
0.992000 1.639741
1.000000 1.629242
1.008000 1.618307
1.016000 1.606937
1.024000 1.595135
1.032000 1.582904
1.040000 1.570246
1.048000 1.557164
1.056000 1.543660
1.064000 1.529738
1.072000 1.515401
1.080000 1.500651
1.088000 1.485492
1.096000 1.469928
1.104000 1.453962
1.112000 1.437597
1.120000 1.420837
1.128000 1.403686
1.136000 1.386148
1.144000 1.368227
1.152000 1.349928
1.160000 1.331253
1.168000 1.312208
1.176000 1.292797
1.184000 1.273025
1.192000 1.252897
1.200000 1.232416
1.208000 1.211588
1.216000 1.190418
1.224000 1.168911
1.232000 1.147073
1.240000 1.124907
1.248000 1.102420
1.256000 1.079617
1.264000 1.056504
1.272000 1.033086
1.280000 1.009369
1.288000 0.985359
1.296000 0.961061
1.304000 0.936481
1.312000 0.911626
1.320000 0.886502
1.328000 0.861114
1.336000 0.835470
1.344000 0.809574
1.352000 0.783435
1.360000 0.757058
1.368000 0.730449
1.376000 0.703617
1.384000 0.676566
1.392000 0.649304
1.400000 0.621838
1.408000 0.594174
1.416000 0.566320
1.424000 0.538283
1.432000 0.510069
1.440000 0.481686
1.448000 0.453141
1.456000 0.424441
1.464000 0.395593
1.472000 0.366605
1.480000 0.337484
1.488000 0.308237
1.496000 0.278873
1.504000 0.249398
1.512000 0.219820
1.520000 0.190146
1.528000 0.160384
1.536000 0.130543
1.544000 0.100628
1.552000 0.070649
1.560000 0.040612
1.568000 0.010526
1.576000 -0.019601
1.584000 -0.049763
1.592000 -0.079950
1.600000 -0.110156
1.608000 -0.140372
1.616000 -0.170591
1.624000 -0.200805
1.632000 -0.231005
1.640000 -0.261185
1.648000 -0.291335
1.656000 -0.321449
1.664000 -0.351518
1.672000 -0.381535
1.680000 -0.411492
1.688000 -0.441380
1.696000 -0.471192
1.704000 -0.500920
1.712000 -0.530556
1.720000 -0.560093
1.728000 -0.589522
1.736000 -0.618836
1.744000 -0.648027
1.752000 -0.677088
1.760000 -0.706010
1.768000 -0.734786
1.776000 -0.763409
1.784000 -0.791870
1.792000 -0.820162
1.800000 -0.848277
1.808000 -0.876209
1.816000 -0.903949
1.824000 -0.931490
1.832000 -0.958825
1.840000 -0.985947
1.848000 -1.012847
1.856000 -1.039519
1.864000 -1.065955
1.872000 -1.092150
1.880000 -1.118094
1.888000 -1.143782
1.896000 -1.169206
1.904000 -1.194359
1.912000 -1.219235
1.920000 -1.243827
1.928000 -1.268128
1.936000 -1.292131
1.944000 -1.315830
1.952000 -1.339219
1.960000 -1.362290
1.968000 -1.385038
1.976000 -1.407456
1.984000 -1.429538
1.992000 -1.451278
2.000000 -1.472670
