-2.000000 0.831433
-1.992000 0.822001
-1.984000 0.812277
-1.976000 0.802263
-1.968000 0.791965
-1.960000 0.781383
-1.952000 0.770522
-1.944000 0.759385
-1.936000 0.747974
-1.928000 0.736295
-1.920000 0.724348
-1.912000 0.712139
-1.904000 0.699670
-1.896000 0.686945
-1.888000 0.673968
-1.880000 0.660741
-1.872000 0.647269
-1.864000 0.633555
-1.856000 0.619602
-1.848000 0.605414
-1.840000 0.590996
-1.832000 0.576351
-1.824000 0.561482
-1.816000 0.546393
-1.808000 0.531089
-1.800000 0.515573
-1.792000 0.499850
-1.784000 0.483923
-1.776000 0.467797
-1.768000 0.451475
-1.760000 0.434962
-1.752000 0.418262
-1.744000 0.401379
-1.736000 0.384318
-1.728000 0.367084
-1.720000 0.349679
-1.712000 0.332110
-1.704000 0.314380
-1.696000 0.296495
-1.688000 0.278458
-1.680000 0.260275
-1.672000 0.241949
-1.664000 0.223487
-1.656000 0.204892
-1.648000 0.186170
-1.640000 0.167325
-1.632000 0.148363
-1.624000 0.129288
-1.616000 0.110105
-1.608000 0.090820
-1.600000 0.071437
-1.592000 0.051962
-1.584000 0.032399
-1.576000 0.012755
-1.568000 -0.006966
-1.560000 -0.026758
-1.552000 -0.046617
-1.544000 -0.066537
-1.536000 -0.086512
-1.528000 -0.106537
-1.520000 -0.126606
-1.512000 -0.146715
-1.504000 -0.166857
-1.496000 -0.187028
-1.488000 -0.207221
-1.480000 -0.227431
-1.472000 -0.247653
-1.464000 -0.267881
-1.456000 -0.288109
-1.448000 -0.308332
-1.440000 -0.328544
-1.432000 -0.348740
-1.424000 -0.368913
-1.416000 -0.389058
-1.408000 -0.409170
-1.400000 -0.429243
-1.392000 -0.449270
-1.384000 -0.469247
-1.376000 -0.489168
-1.368000 -0.509027
-1.360000 -0.528818
-1.352000 -0.548536
-1.344000 -0.568174
-1.336000 -0.587728
-1.328000 -0.607192
-1.320000 -0.626559
-1.312000 -0.645825
-1.304000 -0.664983
-1.296000 -0.684029
-1.288000 -0.702956
-1.280000 -0.721758
-1.272000 -0.740431
-1.264000 -0.758969
-1.256000 -0.777366
-1.248000 -0.795617
-1.240000 -0.813715
-1.232000 -0.831657
-1.224000 -0.849436
-1.216000 -0.867047
-1.208000 -0.884485
-1.200000 -0.901744
-1.192000 -0.918819
-1.184000 -0.935705
-1.176000 -0.952397
-1.168000 -0.968889
-1.160000 -0.985176
-1.152000 -1.001254
-1.144000 -1.017117
-1.136000 -1.032760
-1.128000 -1.048178
-1.120000 -1.063367
-1.112000 -1.078322
-1.104000 -1.093037
-1.096000 -1.107509
-1.088000 -1.121732
-1.080000 -1.135701
-1.072000 -1.149414
-1.064000 -1.162864
-1.056000 -1.176047
-1.048000 -1.188959
-1.040000 -1.201597
-1.032000 -1.213954
-1.024000 -1.226028
-1.016000 -1.237815
-1.008000 -1.249310
-1.000000 -1.260509
-0.992000 -1.271408
-0.984000 -1.282004
-0.976000 -1.292293
-0.968000 -1.302271
-0.960000 -1.311936
-0.952000 -1.321282
-0.944000 -1.330307
-0.936000 -1.339008
-0.928000 -1.347381
-0.920000 -1.355423
-0.912000 -1.363131
-0.904000 -1.370502
-0.896000 -1.377534
-0.888000 -1.384222
-0.880000 -1.390566
-0.872000 -1.396561
-0.864000 -1.402206
-0.856000 -1.407498
-0.848000 -1.412434
-0.840000 -1.417014
-0.832000 -1.421233
-0.824000 -1.425090
-0.816000 -1.428584
-0.808000 -1.431712
-0.800000 -1.434473
-0.792000 -1.436864
-0.784000 -1.438885
-0.776000 -1.440533
-0.768000 -1.441809
-0.760000 -1.442709
-0.752000 -1.443233
-0.744000 -1.443380
-0.736000 -1.443149
-0.728000 -1.442539
-0.720000 -1.441549
-0.712000 -1.440179
-0.704000 -1.438428
-0.696000 -1.436296
-0.688000 -1.433782
-0.680000 -1.430886
-0.672000 -1.427608
-0.664000 -1.423947
-0.656000 -1.419905
-0.648000 -1.415480
-0.640000 -1.410674
-0.632000 -1.405487
-0.624000 -1.399918
-0.616000 -1.393970
-0.608000 -1.387642
-0.600000 -1.380936
-0.592000 -1.373851
-0.584000 -1.366390
-0.576000 -1.358554
-0.568000 -1.350343
-0.560000 -1.341759
-0.552000 -1.332803
-0.544000 -1.323478
-0.536000 -1.313784
-0.528000 -1.303723
-0.520000 -1.293298
-0.512000 -1.282509
-0.504000 -1.271361
-0.496000 -1.259853
-0.488000 -1.247989
-0.480000 -1.235772
-0.472000 -1.223203
-0.464000 -1.210285
-0.456000 -1.197021
-0.448000 -1.183413
-0.440000 -1.169465
-0.432000 -1.155180
-0.424000 -1.140560
-0.416000 -1.125609
-0.408000 -1.110330
-0.400000 -1.094726
-0.392000 -1.078801
-0.384000 -1.062558
-0.376000 -1.046002
-0.368000 -1.029135
-0.360000 -1.011962
-0.352000 -0.994486
-0.344000 -0.976712
-0.336000 -0.958644
-0.328000 -0.940285
-0.320000 -0.921641
-0.312000 -0.902715
-0.304000 -0.883512
-0.296000 -0.864036
-0.288000 -0.844293
-0.280000 -0.824286
-0.272000 -0.804021
-0.264000 -0.783502
-0.256000 -0.762735
-0.248000 -0.741724
-0.240000 -0.720474
-0.232000 -0.698991
-0.224000 -0.677280
-0.216000 -0.655346
-0.208000 -0.633195
-0.200000 -0.610832
-0.192000 -0.588262
-0.184000 -0.565491
-0.176000 -0.542525
-0.168000 -0.519369
-0.160000 -0.496030
-0.152000 -0.472512
-0.144000 -0.448822
-0.136000 -0.424967
-0.128000 -0.400951
-0.120000 -0.376780
-0.112000 -0.352462
-0.104000 -0.328002
-0.096000 -0.303407
-0.088000 -0.278682
-0.080000 -0.253834
-0.072000 -0.228869
-0.064000 -0.203794
-0.056000 -0.178615
-0.048000 -0.153338
-0.040000 -0.127971
-0.032000 -0.102519
-0.024000 -0.076990
-0.016000 -0.051389
-0.008000 -0.025723
0.000000 0.000000
0.008000 0.025775
0.016000 0.051593
0.024000 0.077450
0.032000 0.103338
0.040000 0.129250
0.048000 0.155179
0.056000 0.181119
0.064000 0.207062
0.072000 0.233002
0.080000 0.258932
0.088000 0.284846
0.096000 0.310735
0.104000 0.336594
0.112000 0.362415
0.120000 0.388192
0.128000 0.413918
0.136000 0.439585
0.144000 0.465187
0.152000 0.490717
0.160000 0.516168
0.168000 0.541534
0.176000 0.566807
0.184000 0.591980
0.192000 0.617047
0.200000 0.642001
0.208000 0.666836
0.216000 0.691543
0.224000 0.716117
0.232000 0.740551
0.240000 0.764839
0.248000 0.788972
0.256000 0.812946
0.264000 0.836753
0.272000 0.860387
0.280000 0.883840
0.288000 0.907108
0.296000 0.930183
0.304000 0.953058
0.312000 0.975728
0.320000 0.998186
0.328000 1.020425
0.336000 1.042440
0.344000 1.064225
0.352000 1.085773
0.360000 1.107077
0.368000 1.128133
0.376000 1.148934
0.384000 1.169474
0.392000 1.189748
0.400000 1.209749
0.408000 1.229471
0.416000 1.248910
0.424000 1.268059
0.432000 1.286914
0.440000 1.305468
0.448000 1.323716
0.456000 1.341652
0.464000 1.359273
0.472000 1.376571
0.480000 1.393543
0.488000 1.410184
0.496000 1.426487
0.504000 1.442449
0.512000 1.458065
0.520000 1.473330
0.528000 1.488239
0.536000 1.502789
0.544000 1.516974
0.552000 1.530790
0.560000 1.544233
0.568000 1.557298
0.576000 1.569983
0.584000 1.582282
0.592000 1.594193
0.600000 1.605710
0.608000 1.616831
0.616000 1.627552
0.624000 1.637870
0.632000 1.647781
0.640000 1.657281
0.648000 1.666368
0.656000 1.675039
0.664000 1.683291
0.672000 1.691121
0.680000 1.698525
0.688000 1.705503
0.696000 1.712050
0.704000 1.718166
0.712000 1.723846
0.720000 1.729090
0.728000 1.733895
0.736000 1.738259
0.744000 1.742180
0.752000 1.745658
0.760000 1.748689
0.768000 1.751273
0.776000 1.753408
0.784000 1.755093
0.792000 1.756327
0.800000 1.757108
0.808000 1.757437
0.816000 1.757312
0.824000 1.756732
0.832000 1.755697
0.840000 1.754207
0.848000 1.752261
0.856000 1.749859
0.864000 1.747002
0.872000 1.743688
0.880000 1.739918
0.888000 1.735694
0.896000 1.731014
0.904000 1.725880
0.912000 1.720292
0.920000 1.714251
0.928000 1.707758
0.936000 1.700814
0.944000 1.693420
0.952000 1.685577
0.960000 1.677288
0.968000 1.668552
0.976000 1.659373
0.984000 1.649752
0.992000 1.639690
1.000000 1.629189
1.008000 1.618253
1.016000 1.606882
1.024000 1.595080
1.032000 1.582848
1.040000 1.570190
1.048000 1.557108
1.056000 1.543605
1.064000 1.529683
1.072000 1.515347
1.080000 1.500598
1.088000 1.485441
1.096000 1.469879
1.104000 1.453914
1.112000 1.437552
1.120000 1.420794
1.128000 1.403646
1.136000 1.386112
1.144000 1.368194
1.152000 1.349898
1.160000 1.331228
1.168000 1.312187
1.176000 1.292781
1.184000 1.273014
1.192000 1.252891
1.200000 1.232416
1.208000 1.211594
1.216000 1.190430
1.224000 1.168930
1.232000 1.147098
1.240000 1.124939
1.248000 1.102459
1.256000 1.079664
1.264000 1.056558
1.272000 1.033148
1.280000 1.009439
1.288000 0.985436
1.296000 0.961146
1.304000 0.936575
1.312000 0.911728
1.320000 0.886611
1.328000 0.861232
1.336000 0.835595
1.344000 0.809708
1.352000 0.783576
1.360000 0.757206
1.368000 0.730605
1.376000 0.703779
1.384000 0.676735
1.392000 0.649479
1.400000 0.622018
1.408000 0.594360
1.416000 0.566510
1.424000 0.538477
1.432000 0.510266
1.440000 0.481886
1.448000 0.453342
1.456000 0.424643
1.464000 0.395795
1.472000 0.366806
1.480000 0.337683
1.488000 0.308433
1.496000 0.279064
1.504000 0.249584
1.512000 0.219999
1.520000 0.190317
1.528000 0.160545
1.536000 0.130692
1.544000 0.100765
1.552000 0.070771
1.560000 0.040719
1.568000 0.010615
1.576000 -0.019532
1.584000 -0.049715
1.592000 -0.079925
1.600000 -0.110156
1.608000 -0.140399
1.616000 -0.170647
1.624000 -0.200891
1.632000 -0.231124
1.640000 -0.261338
1.648000 -0.291525
1.656000 -0.321677
1.664000 -0.351787
1.672000 -0.381845
1.680000 -0.411845
1.688000 -0.441779
1.696000 -0.471638
1.704000 -0.501415
1.712000 -0.531101
1.720000 -0.560689
1.728000 -0.590170
1.736000 -0.619538
1.744000 -0.648783
1.752000 -0.677898
1.760000 -0.706875
1.768000 -0.735706
1.776000 -0.764384
1.784000 -0.792899
1.792000 -0.821244
1.800000 -0.849412
1.808000 -0.877394
1.816000 -0.905182
1.824000 -0.932768
1.832000 -0.960145
1.840000 -0.987305
1.848000 -1.014240
1.856000 -1.040941
1.864000 -1.067401
1.872000 -1.093612
1.880000 -1.119566
1.888000 -1.145255
1.896000 -1.170672
1.904000 -1.195808
1.912000 -1.220655
1.920000 -1.245206
1.928000 -1.269453
1.936000 -1.293387
1.944000 -1.317001
1.952000 -1.340287
1.960000 -1.363237
1.968000 -1.385844
1.976000 -1.408098
1.984000 -1.429992
1.992000 -1.451519
2.000000 -1.472670
