-2.000000 2.799816
-1.992000 2.828652
-1.984000 2.836985
-1.976000 2.831722
-1.968000 2.818123
-1.960000 2.800096
-1.952000 2.780456
-1.944000 2.761145
-1.936000 2.743417
-1.928000 2.727991
-1.920000 2.715184
-1.912000 2.705013
-1.904000 2.697287
-1.896000 2.691676
-1.888000 2.687768
-1.880000 2.685111
-1.872000 2.683252
-1.864000 2.681754
-1.856000 2.680224
-1.848000 2.678315
-1.840000 2.675741
-1.832000 2.672276
-1.824000 2.667754
-1.816000 2.662069
-1.808000 2.655170
-1.800000 2.647056
-1.792000 2.637767
-1.784000 2.627383
-1.776000 2.616011
-1.768000 2.603785
-1.760000 2.590852
-1.752000 2.577374
-1.744000 2.563514
-1.736000 2.549438
-1.728000 2.535308
-1.720000 2.521275
-1.712000 2.507481
-1.704000 2.494053
-1.696000 2.481103
-1.688000 2.468724
-1.680000 2.456993
-1.672000 2.445966
-1.664000 2.435681
-1.656000 2.426159
-1.648000 2.417401
-1.640000 2.409395
-1.632000 2.402112
-1.624000 2.395507
-1.616000 2.389528
-1.608000 2.384108
-1.600000 2.379175
-1.592000 2.374648
-1.584000 2.370441
-1.576000 2.366467
-1.568000 2.362636
-1.560000 2.358857
-1.552000 2.355045
-1.544000 2.351112
-1.536000 2.346980
-1.528000 2.342573
-1.520000 2.337822
-1.512000 2.332667
-1.504000 2.327053
-1.496000 2.320936
-1.488000 2.314280
-1.480000 2.307056
-1.472000 2.299248
-1.464000 2.290845
-1.456000 2.281848
-1.448000 2.272265
-1.440000 2.262111
-1.432000 2.251412
-1.424000 2.240197
-1.416000 2.228505
-1.408000 2.216378
-1.400000 2.203865
-1.392000 2.191019
-1.384000 2.177896
-1.376000 2.164553
-1.368000 2.151053
-1.360000 2.137455
-1.352000 2.123823
-1.344000 2.110218
-1.336000 2.096699
-1.328000 2.083325
-1.320000 2.070151
-1.312000 2.057231
-1.304000 2.044612
-1.296000 2.032339
-1.288000 2.020452
-1.280000 2.008987
-1.272000 1.997972
-1.264000 1.987433
-1.256000 1.977387
-1.248000 1.967847
-1.240000 1.958821
-1.232000 1.950308
-1.224000 1.942306
-1.216000 1.934803
-1.208000 1.927784
-1.200000 1.921228
-1.192000 1.915110
-1.184000 1.909399
-1.176000 1.904061
-1.168000 1.899059
-1.160000 1.894350
-1.152000 1.889891
-1.144000 1.885634
-1.136000 1.881531
-1.128000 1.877532
-1.120000 1.873585
-1.112000 1.869639
-1.104000 1.865643
-1.096000 1.861545
-1.088000 1.857295
-1.080000 1.852845
-1.072000 1.848148
-1.064000 1.843159
-1.056000 1.837836
-1.048000 1.832142
-1.040000 1.826039
-1.032000 1.819497
-1.024000 1.812488
-1.016000 1.804988
-1.008000 1.796977
-1.000000 1.788441
-0.992000 1.779368
-0.984000 1.769755
-0.976000 1.759598
-0.968000 1.748903
-0.960000 1.737677
-0.952000 1.725932
-0.944000 1.713687
-0.936000 1.700962
-0.928000 1.687783
-0.920000 1.674179
-0.912000 1.660184
-0.904000 1.645833
-0.896000 1.631165
-0.888000 1.616223
-0.880000 1.601052
-0.872000 1.585697
-0.864000 1.570207
-0.856000 1.554631
-0.848000 1.539019
-0.840000 1.523422
-0.832000 1.507892
-0.824000 1.492477
-0.816000 1.477230
-0.808000 1.462197
-0.800000 1.447427
-0.792000 1.432966
-0.784000 1.418856
-0.776000 1.405139
-0.768000 1.391852
-0.760000 1.379031
-0.752000 1.366708
-0.744000 1.354910
-0.736000 1.343661
-0.728000 1.332981
-0.720000 1.322887
-0.712000 1.313389
-0.704000 1.304494
-0.696000 1.296204
-0.688000 1.288518
-0.680000 1.281428
-0.672000 1.274921
-0.664000 1.268983
-0.656000 1.263591
-0.648000 1.258720
-0.640000 1.254341
-0.632000 1.250419
-0.624000 1.246916
-0.616000 1.243790
-0.608000 1.240996
-0.600000 1.238485
-0.592000 1.236204
-0.584000 1.234101
-0.576000 1.232117
-0.568000 1.230193
-0.560000 1.228268
-0.552000 1.226280
-0.544000 1.224166
-0.536000 1.221861
-0.528000 1.219301
-0.520000 1.216423
-0.512000 1.213162
-0.504000 1.209455
-0.496000 1.205242
-0.488000 1.200462
-0.480000 1.195057
-0.472000 1.188973
-0.464000 1.182155
-0.456000 1.174556
-0.448000 1.166129
-0.440000 1.156831
-0.432000 1.146624
-0.424000 1.135475
-0.416000 1.123353
-0.408000 1.110233
-0.400000 1.096097
-0.392000 1.080930
-0.384000 1.064721
-0.376000 1.047469
-0.368000 1.029173
-0.360000 1.009841
-0.352000 0.989487
-0.344000 0.968129
-0.336000 0.945791
-0.328000 0.922503
-0.320000 0.898301
-0.312000 0.873224
-0.304000 0.847319
-0.296000 0.820637
-0.288000 0.793235
-0.280000 0.765172
-0.272000 0.736514
-0.264000 0.707331
-0.256000 0.677695
-0.248000 0.647685
-0.240000 0.617380
-0.232000 0.586864
-0.224000 0.556223
-0.216000 0.525545
-0.208000 0.494919
-0.200000 0.464439
-0.192000 0.434196
-0.184000 0.404284
-0.176000 0.374796
-0.168000 0.345826
-0.160000 0.317467
-0.152000 0.289810
-0.144000 0.262947
-0.136000 0.236966
-0.128000 0.211953
-0.120000 0.187992
-0.112000 0.165165
-0.104000 0.143549
-0.096000 0.123217
-0.088000 0.104240
-0.080000 0.086683
-0.072000 0.070608
-0.064000 0.056069
-0.056000 0.043118
-0.048000 0.031800
-0.040000 0.022155
-0.032000 0.014217
-0.024000 0.008014
-0.016000 0.003567
-0.008000 0.000893
0.000000 0.000000
0.008000 0.000893
0.016000 0.003567
0.024000 0.008014
0.032000 0.014217
0.040000 0.022155
0.048000 0.031800
0.056000 0.043118
0.064000 0.056069
0.072000 0.070608
0.080000 0.086683
0.088000 0.104240
0.096000 0.123217
0.104000 0.143549
0.112000 0.165165
0.120000 0.187992
0.128000 0.211953
0.136000 0.236966
0.144000 0.262947
0.152000 0.289810
0.160000 0.317467
0.168000 0.345826
0.176000 0.374796
0.184000 0.404284
0.192000 0.434196
0.200000 0.464439
0.208000 0.494919
0.216000 0.525545
0.224000 0.556223
0.232000 0.586864
0.240000 0.617380
0.248000 0.647685
0.256000 0.677695
0.264000 0.707331
0.272000 0.736514
0.280000 0.765172
0.288000 0.793235
0.296000 0.820637
0.304000 0.847319
0.312000 0.873224
0.320000 0.898301
0.328000 0.922503
0.336000 0.945791
0.344000 0.968129
0.352000 0.989487
0.360000 1.009841
0.368000 1.029173
0.376000 1.047469
0.384000 1.064721
0.392000 1.080930
0.400000 1.096097
0.408000 1.110233
0.416000 1.123353
0.424000 1.135475
0.432000 1.146624
0.440000 1.156831
0.448000 1.166129
0.456000 1.174556
0.464000 1.182155
0.472000 1.188973
0.480000 1.195057
0.488000 1.200462
0.496000 1.205242
0.504000 1.209455
0.512000 1.213162
0.520000 1.216423
0.528000 1.219301
0.536000 1.221861
0.544000 1.224166
0.552000 1.226280
0.560000 1.228268
0.568000 1.230193
0.576000 1.232117
0.584000 1.234101
0.592000 1.236204
0.600000 1.238485
0.608000 1.240996
0.616000 1.243790
0.624000 1.246916
0.632000 1.250419
0.640000 1.254341
0.648000 1.258720
0.656000 1.263591
0.664000 1.268983
0.672000 1.274921
0.680000 1.281428
0.688000 1.288518
0.696000 1.296204
0.704000 1.304494
0.712000 1.313389
0.720000 1.322887
0.728000 1.332981
0.736000 1.343661
0.744000 1.354910
0.752000 1.366708
0.760000 1.379031
0.768000 1.391852
0.776000 1.405139
0.784000 1.418856
0.792000 1.432966
0.800000 1.447427
0.808000 1.462197
0.816000 1.477230
0.824000 1.492477
0.832000 1.507892
0.840000 1.523422
0.848000 1.539019
0.856000 1.554631
0.864000 1.570207
0.872000 1.585697
0.880000 1.601052
0.888000 1.616223
0.896000 1.631165
0.904000 1.645833
0.912000 1.660184
0.920000 1.674179
0.928000 1.687783
0.936000 1.700962
0.944000 1.713687
0.952000 1.725932
0.960000 1.737677
0.968000 1.748903
0.976000 1.759598
0.984000 1.769755
0.992000 1.779368
1.000000 1.788441
1.008000 1.796977
1.016000 1.804988
1.024000 1.812488
1.032000 1.819497
1.040000 1.826039
1.048000 1.832142
1.056000 1.837836
1.064000 1.843159
1.072000 1.848148
1.080000 1.852845
1.088000 1.857295
1.096000 1.861545
1.104000 1.865643
1.112000 1.869639
1.120000 1.873585
1.128000 1.877532
1.136000 1.881531
1.144000 1.885634
1.152000 1.889891
1.160000 1.894350
1.168000 1.899059
1.176000 1.904061
1.184000 1.909399
1.192000 1.915110
1.200000 1.921228
1.208000 1.927784
1.216000 1.934803
1.224000 1.942306
1.232000 1.950308
1.240000 1.958821
1.248000 1.967847
1.256000 1.977387
1.264000 1.987433
1.272000 1.997972
1.280000 2.008987
1.288000 2.020452
1.296000 2.032339
1.304000 2.044612
1.312000 2.057231
1.320000 2.070151
1.328000 2.083325
1.336000 2.096699
1.344000 2.110218
1.352000 2.123823
1.360000 2.137455
1.368000 2.151053
1.376000 2.164553
1.384000 2.177896
1.392000 2.191019
1.400000 2.203865
1.408000 2.216378
1.416000 2.228505
1.424000 2.240197
1.432000 2.251412
1.440000 2.262111
1.448000 2.272265
1.456000 2.281848
1.464000 2.290845
1.472000 2.299248
1.480000 2.307056
1.488000 2.314280
1.496000 2.320936
1.504000 2.327053
1.512000 2.332667
1.520000 2.337822
1.528000 2.342573
1.536000 2.346980
1.544000 2.351112
1.552000 2.355045
1.560000 2.358857
1.568000 2.362636
1.576000 2.366467
1.584000 2.370441
1.592000 2.374648
1.600000 2.379175
1.608000 2.384108
1.616000 2.389528
1.624000 2.395507
1.632000 2.402112
1.640000 2.409395
1.648000 2.417401
1.656000 2.426159
1.664000 2.435681
1.672000 2.445966
1.680000 2.456993
1.688000 2.468724
1.696000 2.481103
1.704000 2.494053
1.712000 2.507481
1.720000 2.521275
1.728000 2.535308
1.736000 2.549438
1.744000 2.563514
1.752000 2.577374
1.760000 2.590852
1.768000 2.603785
1.776000 2.616011
1.784000 2.627383
1.792000 2.637767
1.800000 2.647056
1.808000 2.655170
1.816000 2.662069
1.824000 2.667754
1.832000 2.672276
1.840000 2.675741
1.848000 2.678315
1.856000 2.680224
1.864000 2.681754
1.872000 2.683252
1.880000 2.685111
1.888000 2.687768
1.896000 2.691676
1.904000 2.697287
1.912000 2.705013
1.920000 2.715184
1.928000 2.727991
1.936000 2.743417
1.944000 2.761145
1.952000 2.780456
1.960000 2.800096
1.968000 2.818123
1.976000 2.831722
1.984000 2.836985
1.992000 2.828652
2.000000 2.799816
