-2.000000 2.828427
-1.992000 2.123344
-1.984000 1.493609
-1.976000 0.934316
-1.968000 0.440787
-1.960000 0.008564
-1.952000 -0.366599
-1.944000 -0.688741
-1.936000 -0.961704
-1.928000 -1.189139
-1.920000 -1.374513
-1.912000 -1.521117
-1.904000 -1.632069
-1.896000 -1.710327
-1.888000 -1.758688
-1.880000 -1.779797
-1.872000 -1.776157
-1.864000 -1.750125
-1.856000 -1.703929
-1.848000 -1.639665
-1.840000 -1.559304
-1.832000 -1.464700
-1.824000 -1.357593
-1.816000 -1.239613
-1.808000 -1.112286
-1.800000 -0.977036
-1.792000 -0.835195
-1.784000 -0.688000
-1.776000 -0.536603
-1.768000 -0.382071
-1.760000 -0.225392
-1.752000 -0.067478
-1.744000 0.090832
-1.736000 0.248765
-1.728000 0.405617
-1.720000 0.560745
-1.712000 0.713564
-1.704000 0.863546
-1.696000 1.010216
-1.688000 1.153150
-1.680000 1.291970
-1.672000 1.426344
-1.664000 1.555983
-1.656000 1.680637
-1.648000 1.800093
-1.640000 1.914175
-1.632000 2.022740
-1.624000 2.125675
-1.616000 2.222896
-1.608000 2.314348
-1.600000 2.400000
-1.592000 2.479844
-1.584000 2.553896
-1.576000 2.622189
-1.568000 2.684777
-1.560000 2.741730
-1.552000 2.793136
-1.544000 2.839093
-1.536000 2.879716
-1.528000 2.915130
-1.520000 2.945470
-1.512000 2.970883
-1.504000 2.991521
-1.496000 3.007546
-1.488000 3.019124
-1.480000 3.026429
-1.472000 3.029637
-1.464000 3.028930
-1.456000 3.024492
-1.448000 3.016509
-1.440000 3.005168
-1.432000 2.990658
-1.424000 2.973167
-1.416000 2.952885
-1.408000 2.929997
-1.400000 2.904691
-1.392000 2.877151
-1.384000 2.847558
-1.376000 2.816092
-1.368000 2.782928
-1.360000 2.748240
-1.352000 2.712195
-1.344000 2.674960
-1.336000 2.636694
-1.328000 2.597554
-1.320000 2.557690
-1.312000 2.517249
-1.304000 2.476372
-1.296000 2.435196
-1.288000 2.393850
-1.280000 2.352459
-1.272000 2.311144
-1.264000 2.270018
-1.256000 2.229189
-1.248000 2.188760
-1.240000 2.148827
-1.232000 2.109482
-1.224000 2.070809
-1.216000 2.032888
-1.208000 1.995793
-1.200000 1.959592
-1.192000 1.924347
-1.184000 1.890116
-1.176000 1.856951
-1.168000 1.824897
-1.160000 1.793996
-1.152000 1.764283
-1.144000 1.735789
-1.136000 1.708541
-1.128000 1.682559
-1.120000 1.657860
-1.112000 1.634456
-1.104000 1.612353
-1.096000 1.591556
-1.088000 1.572064
-1.080000 1.553871
-1.072000 1.536969
-1.064000 1.521346
-1.056000 1.506985
-1.048000 1.493868
-1.040000 1.481972
-1.032000 1.471272
-1.024000 1.461740
-1.016000 1.453345
-1.008000 1.446053
-1.000000 1.439829
-0.992000 1.434634
-0.984000 1.430429
-0.976000 1.427172
-0.968000 1.424818
-0.960000 1.423324
-0.952000 1.422642
-0.944000 1.422724
-0.936000 1.423522
-0.928000 1.424985
-0.920000 1.427063
-0.912000 1.429704
-0.904000 1.432857
-0.896000 1.436470
-0.888000 1.440489
-0.880000 1.444862
-0.872000 1.449537
-0.864000 1.454461
-0.856000 1.459582
-0.848000 1.464848
-0.840000 1.470208
-0.832000 1.475610
-0.824000 1.481006
-0.816000 1.486345
-0.808000 1.491580
-0.800000 1.496663
-0.792000 1.501548
-0.784000 1.506189
-0.776000 1.510544
-0.768000 1.514570
-0.760000 1.518225
-0.752000 1.521470
-0.744000 1.524267
-0.736000 1.526579
-0.728000 1.528373
-0.720000 1.529614
-0.712000 1.530271
-0.704000 1.530316
-0.696000 1.529719
-0.688000 1.528456
-0.680000 1.526503
-0.672000 1.523836
-0.664000 1.520437
-0.656000 1.516288
-0.648000 1.511371
-0.640000 1.505673
-0.632000 1.499182
-0.624000 1.491888
-0.616000 1.483782
-0.608000 1.474858
-0.600000 1.465113
-0.592000 1.454543
-0.584000 1.443149
-0.576000 1.430932
-0.568000 1.417896
-0.560000 1.404046
-0.552000 1.389389
-0.544000 1.373936
-0.536000 1.357696
-0.528000 1.340682
-0.520000 1.322910
-0.512000 1.304394
-0.504000 1.285154
-0.496000 1.265207
-0.488000 1.244576
-0.480000 1.223282
-0.472000 1.201349
-0.464000 1.178803
-0.456000 1.155670
-0.448000 1.131979
-0.440000 1.107757
-0.432000 1.083036
-0.424000 1.057846
-0.416000 1.032220
-0.408000 1.006192
-0.400000 0.979796
-0.392000 0.953066
-0.384000 0.926039
-0.376000 0.898751
-0.368000 0.871239
-0.360000 0.843542
-0.352000 0.815696
-0.344000 0.787742
-0.336000 0.759718
-0.328000 0.731663
-0.320000 0.703617
-0.312000 0.675620
-0.304000 0.647711
-0.296000 0.619931
-0.288000 0.592318
-0.280000 0.564913
-0.272000 0.537755
-0.264000 0.510884
-0.256000 0.484337
-0.248000 0.458154
-0.240000 0.432372
-0.232000 0.407030
-0.224000 0.382163
-0.216000 0.357808
-0.208000 0.334001
-0.200000 0.310777
-0.192000 0.288170
-0.184000 0.266212
-0.176000 0.244936
-0.168000 0.224373
-0.160000 0.204553
-0.152000 0.185507
-0.144000 0.167260
-0.136000 0.149842
-0.128000 0.133276
-0.120000 0.117588
-0.112000 0.102801
-0.104000 0.088937
-0.096000 0.076015
-0.088000 0.064056
-0.080000 0.053076
-0.072000 0.043093
-0.064000 0.034120
-0.056000 0.026172
-0.048000 0.019259
-0.040000 0.013393
-0.032000 0.008581
-0.024000 0.004831
-0.016000 0.002148
-0.008000 0.000537
0.000000 0.000000
0.008000 0.000537
0.016000 0.002148
0.024000 0.004831
0.032000 0.008581
0.040000 0.013393
0.048000 0.019259
0.056000 0.026172
0.064000 0.034120
0.072000 0.043093
0.080000 0.053076
0.088000 0.064056
0.096000 0.076015
0.104000 0.088937
0.112000 0.102801
0.120000 0.117588
0.128000 0.133276
0.136000 0.149842
0.144000 0.167260
0.152000 0.185507
0.160000 0.204553
0.168000 0.224373
0.176000 0.244936
0.184000 0.266212
0.192000 0.288170
0.200000 0.310777
0.208000 0.334001
0.216000 0.357808
0.224000 0.382163
0.232000 0.407030
0.240000 0.432372
0.248000 0.458154
0.256000 0.484337
0.264000 0.510884
0.272000 0.537755
0.280000 0.564913
0.288000 0.592318
0.296000 0.619931
0.304000 0.647711
0.312000 0.675620
0.320000 0.703617
0.328000 0.731663
0.336000 0.759718
0.344000 0.787742
0.352000 0.815696
0.360000 0.843542
0.368000 0.871239
0.376000 0.898751
0.384000 0.926039
0.392000 0.953066
0.400000 0.979796
0.408000 1.006192
0.416000 1.032220
0.424000 1.057846
0.432000 1.083036
0.440000 1.107757
0.448000 1.131979
0.456000 1.155670
0.464000 1.178803
0.472000 1.201349
0.480000 1.223282
0.488000 1.244576
0.496000 1.265207
0.504000 1.285154
0.512000 1.304394
0.520000 1.322910
0.528000 1.340682
0.536000 1.357696
0.544000 1.373936
0.552000 1.389389
0.560000 1.404046
0.568000 1.417896
0.576000 1.430932
0.584000 1.443149
0.592000 1.454543
0.600000 1.465113
0.608000 1.474858
0.616000 1.483782
0.624000 1.491888
0.632000 1.499182
0.640000 1.505673
0.648000 1.511371
0.656000 1.516288
0.664000 1.520437
0.672000 1.523836
0.680000 1.526503
0.688000 1.528456
0.696000 1.529719
0.704000 1.530316
0.712000 1.530271
0.720000 1.529614
0.728000 1.528373
0.736000 1.526579
0.744000 1.524267
0.752000 1.521470
0.760000 1.518225
0.768000 1.514570
0.776000 1.510544
0.784000 1.506189
0.792000 1.501548
0.800000 1.496663
0.808000 1.491580
0.816000 1.486345
0.824000 1.481006
0.832000 1.475610
0.840000 1.470208
0.848000 1.464848
0.856000 1.459582
0.864000 1.454461
0.872000 1.449537
0.880000 1.444862
0.888000 1.440489
0.896000 1.436470
0.904000 1.432857
0.912000 1.429704
0.920000 1.427063
0.928000 1.424985
0.936000 1.423522
0.944000 1.422724
0.952000 1.422642
0.960000 1.423324
0.968000 1.424818
0.976000 1.427172
0.984000 1.430429
0.992000 1.434634
1.000000 1.439829
1.008000 1.446053
1.016000 1.453345
1.024000 1.461740
1.032000 1.471272
1.040000 1.481972
1.048000 1.493868
1.056000 1.506985
1.064000 1.521346
1.072000 1.536969
1.080000 1.553871
1.088000 1.572064
1.096000 1.591556
1.104000 1.612353
1.112000 1.634456
1.120000 1.657860
1.128000 1.682559
1.136000 1.708541
1.144000 1.735789
1.152000 1.764283
1.160000 1.793996
1.168000 1.824897
1.176000 1.856951
1.184000 1.890116
1.192000 1.924347
1.200000 1.959592
1.208000 1.995793
1.216000 2.032888
1.224000 2.070809
1.232000 2.109482
1.240000 2.148827
1.248000 2.188760
1.256000 2.229189
1.264000 2.270018
1.272000 2.311144
1.280000 2.352459
1.288000 2.393850
1.296000 2.435196
1.304000 2.476372
1.312000 2.517249
1.320000 2.557690
1.328000 2.597554
1.336000 2.636694
1.344000 2.674960
1.352000 2.712195
1.360000 2.748240
1.368000 2.782928
1.376000 2.816092
1.384000 2.847558
1.392000 2.877151
1.400000 2.904691
1.408000 2.929997
1.416000 2.952885
1.424000 2.973167
1.432000 2.990658
1.440000 3.005168
1.448000 3.016509
1.456000 3.024492
1.464000 3.028930
1.472000 3.029637
1.480000 3.026429
1.488000 3.019124
1.496000 3.007546
1.504000 2.991521
1.512000 2.970883
1.520000 2.945470
1.528000 2.915130
1.536000 2.879716
1.544000 2.839093
1.552000 2.793136
1.560000 2.741730
1.568000 2.684777
1.576000 2.622189
1.584000 2.553896
1.592000 2.479844
1.600000 2.400000
1.608000 2.314348
1.616000 2.222896
1.624000 2.125675
1.632000 2.022740
1.640000 1.914175
1.648000 1.800093
1.656000 1.680637
1.664000 1.555983
1.672000 1.426344
1.680000 1.291970
1.688000 1.153150
1.696000 1.010216
1.704000 0.863546
1.712000 0.713564
1.720000 0.560745
1.728000 0.405617
1.736000 0.248765
1.744000 0.090832
1.752000 -0.067478
1.760000 -0.225392
1.768000 -0.382071
1.776000 -0.536603
1.784000 -0.688000
1.792000 -0.835195
1.800000 -0.977036
1.808000 -1.112286
1.816000 -1.239613
1.824000 -1.357593
1.832000 -1.464700
1.840000 -1.559304
1.848000 -1.639665
1.856000 -1.703929
1.864000 -1.750125
1.872000 -1.776157
1.880000 -1.779797
1.888000 -1.758688
1.896000 -1.710327
1.904000 -1.632069
1.912000 -1.521117
1.920000 -1.374513
1.928000 -1.189139
1.936000 -0.961704
1.944000 -0.688741
1.952000 -0.366599
1.960000 0.008564
1.968000 0.440787
1.976000 0.934316
1.984000 1.493609
1.992000 2.123344
2.000000 2.828427
