-2.000000 3.389946
-1.992000 3.362881
-1.984000 3.335924
-1.976000 3.309076
-1.968000 3.282336
-1.960000 3.255704
-1.952000 3.229182
-1.944000 3.202767
-1.936000 3.176461
-1.928000 3.150264
-1.920000 3.124175
-1.912000 3.098194
-1.904000 3.072322
-1.896000 3.046558
-1.888000 3.020903
-1.880000 2.995357
-1.872000 2.969918
-1.864000 2.944589
-1.856000 2.919368
-1.848000 2.894255
-1.840000 2.869251
-1.832000 2.844355
-1.824000 2.819568
-1.816000 2.794889
-1.808000 2.770318
-1.800000 2.745857
-1.792000 2.721503
-1.784000 2.697258
-1.776000 2.673122
-1.768000 2.649094
-1.760000 2.625174
-1.752000 2.601363
-1.744000 2.577661
-1.736000 2.554067
-1.728000 2.530581
-1.720000 2.507204
-1.712000 2.483936
-1.704000 2.460776
-1.696000 2.437724
-1.688000 2.414781
-1.680000 2.391946
-1.672000 2.369220
-1.664000 2.346602
-1.656000 2.324093
-1.648000 2.301692
-1.640000 2.279400
-1.632000 2.257216
-1.624000 2.235141
-1.616000 2.213174
-1.608000 2.191316
-1.600000 2.169566
-1.592000 2.147924
-1.584000 2.126391
-1.576000 2.104967
-1.568000 2.083651
-1.560000 2.062443
-1.552000 2.041344
-1.544000 2.020354
-1.536000 1.999472
-1.528000 1.978698
-1.520000 1.958033
-1.512000 1.937476
-1.504000 1.917028
-1.496000 1.896689
-1.488000 1.876457
-1.480000 1.856335
-1.472000 1.836320
-1.464000 1.816415
-1.456000 1.796617
-1.448000 1.776929
-1.440000 1.757348
-1.432000 1.737876
-1.424000 1.718513
-1.416000 1.699258
-1.408000 1.680112
-1.400000 1.661074
-1.392000 1.642144
-1.384000 1.623323
-1.376000 1.604611
-1.368000 1.586007
-1.360000 1.567511
-1.352000 1.549124
-1.344000 1.530846
-1.336000 1.512675
-1.328000 1.494614
-1.320000 1.476661
-1.312000 1.458816
-1.304000 1.441080
-1.296000 1.423452
-1.288000 1.405933
-1.280000 1.388522
-1.272000 1.371220
-1.264000 1.354026
-1.256000 1.336941
-1.248000 1.319964
-1.240000 1.303095
-1.232000 1.286335
-1.224000 1.269684
-1.216000 1.253141
-1.208000 1.236707
-1.200000 1.220381
-1.192000 1.204163
-1.184000 1.188054
-1.176000 1.172054
-1.168000 1.156162
-1.160000 1.140378
-1.152000 1.124703
-1.144000 1.109136
-1.136000 1.093678
-1.128000 1.078328
-1.120000 1.063087
-1.112000 1.047954
-1.104000 1.032930
-1.096000 1.018014
-1.088000 1.003207
-1.080000 0.988508
-1.072000 0.973918
-1.064000 0.959436
-1.056000 0.945063
-1.048000 0.930798
-1.040000 0.916642
-1.032000 0.902594
-1.024000 0.888654
-1.016000 0.874823
-1.008000 0.861101
-1.000000 0.847487
-0.992000 0.833981
-0.984000 0.820584
-0.976000 0.807295
-0.968000 0.794115
-0.960000 0.781044
-0.952000 0.768080
-0.944000 0.755226
-0.936000 0.742480
-0.928000 0.729842
-0.920000 0.717313
-0.912000 0.704892
-0.904000 0.692580
-0.896000 0.680376
-0.888000 0.668280
-0.880000 0.656294
-0.872000 0.644415
-0.864000 0.632645
-0.856000 0.620984
-0.848000 0.609431
-0.840000 0.597987
-0.832000 0.586651
-0.824000 0.575423
-0.816000 0.564304
-0.808000 0.553293
-0.800000 0.542391
-0.792000 0.531598
-0.784000 0.520913
-0.776000 0.510336
-0.768000 0.499868
-0.760000 0.489508
-0.752000 0.479257
-0.744000 0.469114
-0.736000 0.459080
-0.728000 0.449154
-0.720000 0.439337
-0.712000 0.429628
-0.704000 0.420028
-0.696000 0.410536
-0.688000 0.401153
-0.680000 0.391878
-0.672000 0.382711
-0.664000 0.373653
-0.656000 0.364704
-0.648000 0.355863
-0.640000 0.347131
-0.632000 0.338506
-0.624000 0.329991
-0.616000 0.321584
-0.608000 0.313285
-0.600000 0.305095
-0.592000 0.297014
-0.584000 0.289040
-0.576000 0.281176
-0.568000 0.273420
-0.560000 0.265772
-0.552000 0.258233
-0.544000 0.250802
-0.536000 0.243480
-0.528000 0.236266
-0.520000 0.229160
-0.512000 0.222164
-0.504000 0.215275
-0.496000 0.208495
-0.488000 0.201824
-0.480000 0.195261
-0.472000 0.188806
-0.464000 0.182460
-0.456000 0.176223
-0.448000 0.170094
-0.440000 0.164073
-0.432000 0.158161
-0.424000 0.152358
-0.416000 0.146663
-0.408000 0.141076
-0.400000 0.135598
-0.392000 0.130228
-0.384000 0.124967
-0.376000 0.119814
-0.368000 0.114770
-0.360000 0.109834
-0.352000 0.105007
-0.344000 0.100288
-0.336000 0.095678
-0.328000 0.091176
-0.320000 0.086783
-0.312000 0.082498
-0.304000 0.078321
-0.296000 0.074253
-0.288000 0.070294
-0.280000 0.066443
-0.272000 0.062700
-0.264000 0.059066
-0.256000 0.055541
-0.248000 0.052124
-0.240000 0.048815
-0.232000 0.045615
-0.224000 0.042524
-0.216000 0.039540
-0.208000 0.036666
-0.200000 0.033899
-0.192000 0.031242
-0.184000 0.028693
-0.176000 0.026252
-0.168000 0.023919
-0.160000 0.021696
-0.152000 0.019580
-0.144000 0.017573
-0.136000 0.015675
-0.128000 0.013885
-0.120000 0.012204
-0.112000 0.010631
-0.104000 0.009166
-0.096000 0.007810
-0.088000 0.006563
-0.080000 0.005424
-0.072000 0.004393
-0.064000 0.003471
-0.056000 0.002658
-0.048000 0.001953
-0.040000 0.001356
-0.032000 0.000868
-0.024000 0.000488
-0.016000 0.000217
-0.008000 0.000054
0.000000 0.000000
0.008000 0.000054
0.016000 0.000217
0.024000 0.000488
0.032000 0.000868
0.040000 0.001356
0.048000 0.001953
0.056000 0.002658
0.064000 0.003471
0.072000 0.004393
0.080000 0.005424
0.088000 0.006563
0.096000 0.007810
0.104000 0.009166
0.112000 0.010631
0.120000 0.012204
0.128000 0.013885
0.136000 0.015675
0.144000 0.017573
0.152000 0.019580
0.160000 0.021696
0.168000 0.023919
0.176000 0.026252
0.184000 0.028693
0.192000 0.031242
0.200000 0.033899
0.208000 0.036666
0.216000 0.039540
0.224000 0.042524
0.232000 0.045615
0.240000 0.048815
0.248000 0.052124
0.256000 0.055541
0.264000 0.059066
0.272000 0.062700
0.280000 0.066443
0.288000 0.070294
0.296000 0.074253
0.304000 0.078321
0.312000 0.082498
0.320000 0.086783
0.328000 0.091176
0.336000 0.095678
0.344000 0.100288
0.352000 0.105007
0.360000 0.109834
0.368000 0.114770
0.376000 0.119814
0.384000 0.124967
0.392000 0.130228
0.400000 0.135598
0.408000 0.141076
0.416000 0.146663
0.424000 0.152358
0.432000 0.158161
0.440000 0.164073
0.448000 0.170094
0.456000 0.176223
0.464000 0.182460
0.472000 0.188806
0.480000 0.195261
0.488000 0.201824
0.496000 0.208495
0.504000 0.215275
0.512000 0.222164
0.520000 0.229160
0.528000 0.236266
0.536000 0.243480
0.544000 0.250802
0.552000 0.258233
0.560000 0.265772
0.568000 0.273420
0.576000 0.281176
0.584000 0.289040
0.592000 0.297014
0.600000 0.305095
0.608000 0.313285
0.616000 0.321584
0.624000 0.329991
0.632000 0.338506
0.640000 0.347131
0.648000 0.355863
0.656000 0.364704
0.664000 0.373653
0.672000 0.382711
0.680000 0.391878
0.688000 0.401153
0.696000 0.410536
0.704000 0.420028
0.712000 0.429628
0.720000 0.439337
0.728000 0.449154
0.736000 0.459080
0.744000 0.469114
0.752000 0.479257
0.760000 0.489508
0.768000 0.499868
0.776000 0.510336
0.784000 0.520913
0.792000 0.531598
0.800000 0.542391
0.808000 0.553293
0.816000 0.564304
0.824000 0.575423
0.832000 0.586651
0.840000 0.597987
0.848000 0.609431
0.856000 0.620984
0.864000 0.632645
0.872000 0.644415
0.880000 0.656294
0.888000 0.668280
0.896000 0.680376
0.904000 0.692580
0.912000 0.704892
0.920000 0.717313
0.928000 0.729842
0.936000 0.742480
0.944000 0.755226
0.952000 0.768080
0.960000 0.781044
0.968000 0.794115
0.976000 0.807295
0.984000 0.820584
0.992000 0.833981
1.000000 0.847487
1.008000 0.861101
1.016000 0.874823
1.024000 0.888654
1.032000 0.902594
1.040000 0.916642
1.048000 0.930798
1.056000 0.945063
1.064000 0.959436
1.072000 0.973918
1.080000 0.988508
1.088000 1.003207
1.096000 1.018014
1.104000 1.032930
1.112000 1.047954
1.120000 1.063087
1.128000 1.078328
1.136000 1.093678
1.144000 1.109136
1.152000 1.124703
1.160000 1.140378
1.168000 1.156162
1.176000 1.172054
1.184000 1.188054
1.192000 1.204163
1.200000 1.220381
1.208000 1.236707
1.216000 1.253141
1.224000 1.269684
1.232000 1.286335
1.240000 1.303095
1.248000 1.319964
1.256000 1.336941
1.264000 1.354026
1.272000 1.371220
1.280000 1.388522
1.288000 1.405933
1.296000 1.423452
1.304000 1.441080
1.312000 1.458816
1.320000 1.476661
1.328000 1.494614
1.336000 1.512675
1.344000 1.530846
1.352000 1.549124
1.360000 1.567511
1.368000 1.586007
1.376000 1.604611
1.384000 1.623323
1.392000 1.642144
1.400000 1.661074
1.408000 1.680112
1.416000 1.699258
1.424000 1.718513
1.432000 1.737876
1.440000 1.757348
1.448000 1.776929
1.456000 1.796617
1.464000 1.816415
1.472000 1.836320
1.480000 1.856335
1.488000 1.876457
1.496000 1.896689
1.504000 1.917028
1.512000 1.937476
1.520000 1.958033
1.528000 1.978698
1.536000 1.999472
1.544000 2.020354
1.552000 2.041344
1.560000 2.062443
1.568000 2.083651
1.576000 2.104967
1.584000 2.126391
1.592000 2.147924
1.600000 2.169566
1.608000 2.191316
1.616000 2.213174
1.624000 2.235141
1.632000 2.257216
1.640000 2.279400
1.648000 2.301692
1.656000 2.324093
1.664000 2.346602
1.672000 2.369220
1.680000 2.391946
1.688000 2.414781
1.696000 2.437724
1.704000 2.460776
1.712000 2.483936
1.720000 2.507204
1.728000 2.530581
1.736000 2.554067
1.744000 2.577661
1.752000 2.601363
1.760000 2.625174
1.768000 2.649094
1.776000 2.673122
1.784000 2.697258
1.792000 2.721503
1.800000 2.745857
1.808000 2.770318
1.816000 2.794889
1.824000 2.819568
1.832000 2.844355
1.840000 2.869251
1.848000 2.894255
1.856000 2.919368
1.864000 2.944589
1.872000 2.969918
1.880000 2.995357
1.888000 3.020903
1.896000 3.046558
1.904000 3.072322
1.912000 3.098194
1.920000 3.124175
1.928000 3.150264
1.936000 3.176461
1.944000 3.202767
1.952000 3.229182
1.960000 3.255704
1.968000 3.282336
1.976000 3.309076
1.984000 3.335924
1.992000 3.362881
2.000000 3.389946
