-2.000000 2.828427
-1.992000 2.805845
-1.984000 2.783353
-1.976000 2.760952
-1.968000 2.738642
-1.960000 2.716421
-1.952000 2.694292
-1.944000 2.672253
-1.936000 2.650304
-1.928000 2.628446
-1.920000 2.606678
-1.912000 2.585001
-1.904000 2.563415
-1.896000 2.541919
-1.888000 2.520513
-1.880000 2.499198
-1.872000 2.477974
-1.864000 2.456840
-1.856000 2.435796
-1.848000 2.414843
-1.840000 2.393981
-1.832000 2.373209
-1.824000 2.352527
-1.816000 2.331936
-1.808000 2.311436
-1.800000 2.291026
-1.792000 2.270707
-1.784000 2.250478
-1.776000 2.230339
-1.768000 2.210291
-1.760000 2.190334
-1.752000 2.170467
-1.744000 2.150691
-1.736000 2.131005
-1.728000 2.111410
-1.720000 2.091905
-1.712000 2.072490
-1.704000 2.053167
-1.696000 2.033933
-1.688000 2.014790
-1.680000 1.995738
-1.672000 1.976776
-1.664000 1.957905
-1.656000 1.939124
-1.648000 1.920434
-1.640000 1.901834
-1.632000 1.883325
-1.624000 1.864906
-1.616000 1.846578
-1.608000 1.828341
-1.600000 1.810193
-1.592000 1.792137
-1.584000 1.774171
-1.576000 1.756295
-1.568000 1.738510
-1.560000 1.720815
-1.552000 1.703211
-1.544000 1.685697
-1.536000 1.668274
-1.528000 1.650942
-1.520000 1.633700
-1.512000 1.616548
-1.504000 1.599487
-1.496000 1.582516
-1.488000 1.565636
-1.480000 1.548847
-1.472000 1.532148
-1.464000 1.515539
-1.456000 1.499021
-1.448000 1.482594
-1.440000 1.466257
-1.432000 1.450010
-1.424000 1.433854
-1.416000 1.417789
-1.408000 1.401814
-1.400000 1.385929
-1.392000 1.370135
-1.384000 1.354432
-1.376000 1.338819
-1.368000 1.323297
-1.360000 1.307865
-1.352000 1.292523
-1.344000 1.277272
-1.336000 1.262112
-1.328000 1.247042
-1.320000 1.232063
-1.312000 1.217174
-1.304000 1.202376
-1.296000 1.187668
-1.288000 1.173051
-1.280000 1.158524
-1.272000 1.144087
-1.264000 1.129742
-1.256000 1.115486
-1.248000 1.101322
-1.240000 1.087247
-1.232000 1.073264
-1.224000 1.059370
-1.216000 1.045568
-1.208000 1.031855
-1.200000 1.018234
-1.192000 1.004703
-1.184000 0.991262
-1.176000 0.977912
-1.168000 0.964652
-1.160000 0.951483
-1.152000 0.938404
-1.144000 0.925416
-1.136000 0.912518
-1.128000 0.899711
-1.120000 0.886995
-1.112000 0.874369
-1.104000 0.861833
-1.096000 0.849388
-1.088000 0.837033
-1.080000 0.824769
-1.072000 0.812596
-1.064000 0.800513
-1.056000 0.788520
-1.048000 0.776618
-1.040000 0.764807
-1.032000 0.753086
-1.024000 0.741455
-1.016000 0.729915
-1.008000 0.718466
-1.000000 0.707107
-0.992000 0.695838
-0.984000 0.684660
-0.976000 0.673573
-0.968000 0.662576
-0.960000 0.651670
-0.952000 0.640854
-0.944000 0.630128
-0.936000 0.619493
-0.928000 0.608949
-0.920000 0.598495
-0.912000 0.588132
-0.904000 0.577859
-0.896000 0.567677
-0.888000 0.557585
-0.880000 0.547583
-0.872000 0.537673
-0.864000 0.527852
-0.856000 0.518123
-0.848000 0.508483
-0.840000 0.498935
-0.832000 0.489476
-0.824000 0.480109
-0.816000 0.470831
-0.808000 0.461645
-0.800000 0.452548
-0.792000 0.443543
-0.784000 0.434627
-0.776000 0.425803
-0.768000 0.417069
-0.760000 0.408425
-0.752000 0.399872
-0.744000 0.391409
-0.736000 0.383037
-0.728000 0.374755
-0.720000 0.366564
-0.712000 0.358464
-0.704000 0.350453
-0.696000 0.342534
-0.688000 0.334705
-0.680000 0.326966
-0.672000 0.319318
-0.664000 0.311761
-0.656000 0.304294
-0.648000 0.296917
-0.640000 0.289631
-0.632000 0.282435
-0.624000 0.275330
-0.616000 0.268316
-0.608000 0.261392
-0.600000 0.254558
-0.592000 0.247815
-0.584000 0.241163
-0.576000 0.234601
-0.568000 0.228130
-0.560000 0.221749
-0.552000 0.215458
-0.544000 0.209258
-0.536000 0.203149
-0.528000 0.197130
-0.520000 0.191202
-0.512000 0.185364
-0.504000 0.179616
-0.496000 0.173960
-0.488000 0.168393
-0.480000 0.162917
-0.472000 0.157532
-0.464000 0.152237
-0.456000 0.147033
-0.448000 0.141919
-0.440000 0.136896
-0.432000 0.131963
-0.424000 0.127121
-0.416000 0.122369
-0.408000 0.117708
-0.400000 0.113137
-0.392000 0.108657
-0.384000 0.104267
-0.376000 0.099968
-0.368000 0.095759
-0.360000 0.091641
-0.352000 0.087613
-0.344000 0.083676
-0.336000 0.079830
-0.328000 0.076073
-0.320000 0.072408
-0.312000 0.068833
-0.304000 0.065348
-0.296000 0.061954
-0.288000 0.058650
-0.280000 0.055437
-0.272000 0.052315
-0.264000 0.049283
-0.256000 0.046341
-0.248000 0.043490
-0.240000 0.040729
-0.232000 0.038059
-0.224000 0.035480
-0.216000 0.032991
-0.208000 0.030592
-0.200000 0.028284
-0.192000 0.026067
-0.184000 0.023940
-0.176000 0.021903
-0.168000 0.019957
-0.160000 0.018102
-0.152000 0.016337
-0.144000 0.014663
-0.136000 0.013079
-0.128000 0.011585
-0.120000 0.010182
-0.112000 0.008870
-0.104000 0.007648
-0.096000 0.006517
-0.088000 0.005476
-0.080000 0.004525
-0.072000 0.003666
-0.064000 0.002896
-0.056000 0.002217
-0.048000 0.001629
-0.040000 0.001131
-0.032000 0.000724
-0.024000 0.000407
-0.016000 0.000181
-0.008000 0.000045
0.000000 0.000000
0.008000 0.000045
0.016000 0.000181
0.024000 0.000407
0.032000 0.000724
0.040000 0.001131
0.048000 0.001629
0.056000 0.002217
0.064000 0.002896
0.072000 0.003666
0.080000 0.004525
0.088000 0.005476
0.096000 0.006517
0.104000 0.007648
0.112000 0.008870
0.120000 0.010182
0.128000 0.011585
0.136000 0.013079
0.144000 0.014663
0.152000 0.016337
0.160000 0.018102
0.168000 0.019957
0.176000 0.021903
0.184000 0.023940
0.192000 0.026067
0.200000 0.028284
0.208000 0.030592
0.216000 0.032991
0.224000 0.035480
0.232000 0.038059
0.240000 0.040729
0.248000 0.043490
0.256000 0.046341
0.264000 0.049283
0.272000 0.052315
0.280000 0.055437
0.288000 0.058650
0.296000 0.061954
0.304000 0.065348
0.312000 0.068833
0.320000 0.072408
0.328000 0.076073
0.336000 0.079830
0.344000 0.083676
0.352000 0.087613
0.360000 0.091641
0.368000 0.095759
0.376000 0.099968
0.384000 0.104267
0.392000 0.108657
0.400000 0.113137
0.408000 0.117708
0.416000 0.122369
0.424000 0.127121
0.432000 0.131963
0.440000 0.136896
0.448000 0.141919
0.456000 0.147033
0.464000 0.152237
0.472000 0.157532
0.480000 0.162917
0.488000 0.168393
0.496000 0.173960
0.504000 0.179616
0.512000 0.185364
0.520000 0.191202
0.528000 0.197130
0.536000 0.203149
0.544000 0.209258
0.552000 0.215458
0.560000 0.221749
0.568000 0.228130
0.576000 0.234601
0.584000 0.241163
0.592000 0.247815
0.600000 0.254558
0.608000 0.261392
0.616000 0.268316
0.624000 0.275330
0.632000 0.282435
0.640000 0.289631
0.648000 0.296917
0.656000 0.304294
0.664000 0.311761
0.672000 0.319318
0.680000 0.326966
0.688000 0.334705
0.696000 0.342534
0.704000 0.350453
0.712000 0.358464
0.720000 0.366564
0.728000 0.374755
0.736000 0.383037
0.744000 0.391409
0.752000 0.399872
0.760000 0.408425
0.768000 0.417069
0.776000 0.425803
0.784000 0.434627
0.792000 0.443543
0.800000 0.452548
0.808000 0.461645
0.816000 0.470831
0.824000 0.480109
0.832000 0.489476
0.840000 0.498935
0.848000 0.508483
0.856000 0.518123
0.864000 0.527852
0.872000 0.537673
0.880000 0.547583
0.888000 0.557585
0.896000 0.567677
0.904000 0.577859
0.912000 0.588132
0.920000 0.598495
0.928000 0.608949
0.936000 0.619493
0.944000 0.630128
0.952000 0.640854
0.960000 0.651670
0.968000 0.662576
0.976000 0.673573
0.984000 0.684660
0.992000 0.695838
1.000000 0.707107
1.008000 0.718466
1.016000 0.729915
1.024000 0.741455
1.032000 0.753086
1.040000 0.764807
1.048000 0.776618
1.056000 0.788520
1.064000 0.800513
1.072000 0.812596
1.080000 0.824769
1.088000 0.837033
1.096000 0.849388
1.104000 0.861833
1.112000 0.874369
1.120000 0.886995
1.128000 0.899711
1.136000 0.912518
1.144000 0.925416
1.152000 0.938404
1.160000 0.951483
1.168000 0.964652
1.176000 0.977912
1.184000 0.991262
1.192000 1.004703
1.200000 1.018234
1.208000 1.031855
1.216000 1.045568
1.224000 1.059370
1.232000 1.073264
1.240000 1.087247
1.248000 1.101322
1.256000 1.115486
1.264000 1.129742
1.272000 1.144087
1.280000 1.158524
1.288000 1.173051
1.296000 1.187668
1.304000 1.202376
1.312000 1.217174
1.320000 1.232063
1.328000 1.247042
1.336000 1.262112
1.344000 1.277272
1.352000 1.292523
1.360000 1.307865
1.368000 1.323297
1.376000 1.338819
1.384000 1.354432
1.392000 1.370135
1.400000 1.385929
1.408000 1.401814
1.416000 1.417789
1.424000 1.433854
1.432000 1.450010
1.440000 1.466257
1.448000 1.482594
1.456000 1.499021
1.464000 1.515539
1.472000 1.532148
1.480000 1.548847
1.488000 1.565636
1.496000 1.582516
1.504000 1.599487
1.512000 1.616548
1.520000 1.633700
1.528000 1.650942
1.536000 1.668274
1.544000 1.685697
1.552000 1.703211
1.560000 1.720815
1.568000 1.738510
1.576000 1.756295
1.584000 1.774171
1.592000 1.792137
1.600000 1.810193
1.608000 1.828341
1.616000 1.846578
1.624000 1.864906
1.632000 1.883325
1.640000 1.901834
1.648000 1.920434
1.656000 1.939124
1.664000 1.957905
1.672000 1.976776
1.680000 1.995738
1.688000 2.014790
1.696000 2.033933
1.704000 2.053167
1.712000 2.072490
1.720000 2.091905
1.728000 2.111410
1.736000 2.131005
1.744000 2.150691
1.752000 2.170467
1.760000 2.190334
1.768000 2.210291
1.776000 2.230339
1.784000 2.250478
1.792000 2.270707
1.800000 2.291026
1.808000 2.311436
1.816000 2.331936
1.824000 2.352527
1.832000 2.373209
1.840000 2.393981
1.848000 2.414843
1.856000 2.435796
1.864000 2.456840
1.872000 2.477974
1.880000 2.499198
1.888000 2.520513
1.896000 2.541919
1.904000 2.563415
1.912000 2.585001
1.920000 2.606678
1.928000 2.628446
1.936000 2.650304
1.944000 2.672253
1.952000 2.694292
1.960000 2.716421
1.968000 2.738642
1.976000 2.760952
1.984000 2.783353
1.992000 2.805845
2.000000 2.828427
