-2.000000 2.905124
-1.992000 2.862559
-1.984000 2.825172
-1.976000 2.792513
-1.968000 2.764159
-1.960000 2.739710
-1.952000 2.718791
-1.944000 2.701048
-1.936000 2.686152
-1.928000 2.673791
-1.920000 2.663677
-1.912000 2.655538
-1.904000 2.649123
-1.896000 2.644195
-1.888000 2.640538
-1.880000 2.637948
-1.872000 2.636239
-1.864000 2.635237
-1.856000 2.634785
-1.848000 2.634736
-1.840000 2.634957
-1.832000 2.635326
-1.824000 2.635735
-1.816000 2.636081
-1.808000 2.636277
-1.800000 2.636243
-1.792000 2.635906
-1.784000 2.635205
-1.776000 2.634085
-1.768000 2.632498
-1.760000 2.630406
-1.752000 2.627774
-1.744000 2.624574
-1.736000 2.620787
-1.728000 2.616395
-1.720000 2.611387
-1.712000 2.605758
-1.704000 2.599504
-1.696000 2.592629
-1.688000 2.585137
-1.680000 2.577037
-1.672000 2.568342
-1.664000 2.559066
-1.656000 2.549226
-1.648000 2.538843
-1.640000 2.527937
-1.632000 2.516533
-1.624000 2.504655
-1.616000 2.492329
-1.608000 2.479584
-1.600000 2.466447
-1.592000 2.452948
-1.584000 2.439118
-1.576000 2.424986
-1.568000 2.410584
-1.560000 2.395942
-1.552000 2.381093
-1.544000 2.366065
-1.536000 2.350892
-1.528000 2.335602
-1.520000 2.320227
-1.512000 2.304796
-1.504000 2.289339
-1.496000 2.273882
-1.488000 2.258456
-1.480000 2.243086
-1.472000 2.227798
-1.464000 2.212618
-1.456000 2.197570
-1.448000 2.182678
-1.440000 2.167962
-1.432000 2.153445
-1.424000 2.139146
-1.416000 2.125084
-1.408000 2.111277
-1.400000 2.097741
-1.392000 2.084492
-1.384000 2.071542
-1.376000 2.058906
-1.368000 2.046595
-1.360000 2.034618
-1.352000 2.022986
-1.344000 2.011706
-1.336000 2.000784
-1.328000 1.990227
-1.320000 1.980037
-1.312000 1.970220
-1.304000 1.960775
-1.296000 1.951705
-1.288000 1.943009
-1.280000 1.934686
-1.272000 1.926733
-1.264000 1.919146
-1.256000 1.911922
-1.248000 1.905054
-1.240000 1.898537
-1.232000 1.892362
-1.224000 1.886522
-1.216000 1.881008
-1.208000 1.875810
-1.200000 1.870917
-1.192000 1.866318
-1.184000 1.862001
-1.176000 1.857953
-1.168000 1.854160
-1.160000 1.850610
-1.152000 1.847286
-1.144000 1.844175
-1.136000 1.841260
-1.128000 1.838527
-1.120000 1.835957
-1.112000 1.833536
-1.104000 1.831246
-1.096000 1.829069
-1.088000 1.826989
-1.080000 1.824987
-1.072000 1.823047
-1.064000 1.821148
-1.056000 1.819275
-1.048000 1.817408
-1.040000 1.815530
-1.032000 1.813622
-1.024000 1.811667
-1.016000 1.809645
-1.008000 1.807541
-1.000000 1.805336
-0.992000 1.803011
-0.984000 1.800552
-0.976000 1.797939
-0.968000 1.795156
-0.960000 1.792188
-0.952000 1.789017
-0.944000 1.785628
-0.936000 1.782006
-0.928000 1.778135
-0.920000 1.774002
-0.912000 1.769591
-0.904000 1.764890
-0.896000 1.759885
-0.888000 1.754563
-0.880000 1.748913
-0.872000 1.742923
-0.864000 1.736582
-0.856000 1.729880
-0.848000 1.722806
-0.840000 1.715352
-0.832000 1.707510
-0.824000 1.699270
-0.816000 1.690626
-0.808000 1.681572
-0.800000 1.672101
-0.792000 1.662207
-0.784000 1.651888
-0.776000 1.641138
-0.768000 1.629954
-0.760000 1.618334
-0.752000 1.606275
-0.744000 1.593778
-0.736000 1.580840
-0.728000 1.567463
-0.720000 1.553648
-0.712000 1.539395
-0.704000 1.524708
-0.696000 1.509589
-0.688000 1.494041
-0.680000 1.478070
-0.672000 1.461681
-0.664000 1.444878
-0.656000 1.427668
-0.648000 1.410058
-0.640000 1.392056
-0.632000 1.373669
-0.624000 1.354908
-0.616000 1.335780
-0.608000 1.316296
-0.600000 1.296467
-0.592000 1.276304
-0.584000 1.255818
-0.576000 1.235021
-0.568000 1.213926
-0.560000 1.192547
-0.552000 1.170897
-0.544000 1.148990
-0.536000 1.126841
-0.528000 1.104465
-0.520000 1.081877
-0.512000 1.059093
-0.504000 1.036129
-0.496000 1.013002
-0.488000 0.989728
-0.480000 0.966325
-0.472000 0.942810
-0.464000 0.919201
-0.456000 0.895516
-0.448000 0.871773
-0.440000 0.847991
-0.432000 0.824188
-0.424000 0.800382
-0.416000 0.776594
-0.408000 0.752841
-0.400000 0.729143
-0.392000 0.705520
-0.384000 0.681990
-0.376000 0.658572
-0.368000 0.635287
-0.360000 0.612152
-0.352000 0.589189
-0.344000 0.566415
-0.336000 0.543849
-0.328000 0.521512
-0.320000 0.499422
-0.312000 0.477597
-0.304000 0.456056
-0.296000 0.434818
-0.288000 0.413900
-0.280000 0.393322
-0.272000 0.373100
-0.264000 0.353252
-0.256000 0.333795
-0.248000 0.314747
-0.240000 0.296123
-0.232000 0.277941
-0.224000 0.260216
-0.216000 0.242963
-0.208000 0.226198
-0.200000 0.209935
-0.192000 0.194190
-0.184000 0.178975
-0.176000 0.164304
-0.168000 0.150191
-0.160000 0.136648
-0.152000 0.123686
-0.144000 0.111318
-0.136000 0.099554
-0.128000 0.088404
-0.120000 0.077880
-0.112000 0.067990
-0.104000 0.058743
-0.096000 0.050147
-0.088000 0.042210
-0.080000 0.034939
-0.072000 0.028341
-0.064000 0.022422
-0.056000 0.017186
-0.048000 0.012639
-0.040000 0.008784
-0.032000 0.005626
-0.024000 0.003166
-0.016000 0.001408
-0.008000 0.000352
0.000000 0.000000
0.008000 0.000352
0.016000 0.001408
0.024000 0.003166
0.032000 0.005626
0.040000 0.008784
0.048000 0.012639
0.056000 0.017186
0.064000 0.022422
0.072000 0.028341
0.080000 0.034939
0.088000 0.042210
0.096000 0.050147
0.104000 0.058743
0.112000 0.067990
0.120000 0.077880
0.128000 0.088404
0.136000 0.099554
0.144000 0.111318
0.152000 0.123686
0.160000 0.136648
0.168000 0.150191
0.176000 0.164304
0.184000 0.178975
0.192000 0.194190
0.200000 0.209935
0.208000 0.226198
0.216000 0.242963
0.224000 0.260216
0.232000 0.277941
0.240000 0.296123
0.248000 0.314747
0.256000 0.333795
0.264000 0.353252
0.272000 0.373100
0.280000 0.393322
0.288000 0.413900
0.296000 0.434818
0.304000 0.456056
0.312000 0.477597
0.320000 0.499422
0.328000 0.521512
0.336000 0.543849
0.344000 0.566415
0.352000 0.589189
0.360000 0.612152
0.368000 0.635287
0.376000 0.658572
0.384000 0.681990
0.392000 0.705520
0.400000 0.729143
0.408000 0.752841
0.416000 0.776594
0.424000 0.800382
0.432000 0.824188
0.440000 0.847991
0.448000 0.871773
0.456000 0.895516
0.464000 0.919201
0.472000 0.942810
0.480000 0.966325
0.488000 0.989728
0.496000 1.013002
0.504000 1.036129
0.512000 1.059093
0.520000 1.081877
0.528000 1.104465
0.536000 1.126841
0.544000 1.148990
0.552000 1.170897
0.560000 1.192547
0.568000 1.213926
0.576000 1.235021
0.584000 1.255818
0.592000 1.276304
0.600000 1.296467
0.608000 1.316296
0.616000 1.335780
0.624000 1.354908
0.632000 1.373669
0.640000 1.392056
0.648000 1.410058
0.656000 1.427668
0.664000 1.444878
0.672000 1.461681
0.680000 1.478070
0.688000 1.494041
0.696000 1.509589
0.704000 1.524708
0.712000 1.539395
0.720000 1.553648
0.728000 1.567463
0.736000 1.580840
0.744000 1.593778
0.752000 1.606275
0.760000 1.618334
0.768000 1.629954
0.776000 1.641138
0.784000 1.651888
0.792000 1.662207
0.800000 1.672101
0.808000 1.681572
0.816000 1.690626
0.824000 1.699270
0.832000 1.707510
0.840000 1.715352
0.848000 1.722806
0.856000 1.729880
0.864000 1.736582
0.872000 1.742923
0.880000 1.748913
0.888000 1.754563
0.896000 1.759885
0.904000 1.764890
0.912000 1.769591
0.920000 1.774002
0.928000 1.778135
0.936000 1.782006
0.944000 1.785628
0.952000 1.789017
0.960000 1.792188
0.968000 1.795156
0.976000 1.797939
0.984000 1.800552
0.992000 1.803011
1.000000 1.805336
1.008000 1.807541
1.016000 1.809645
1.024000 1.811667
1.032000 1.813622
1.040000 1.815530
1.048000 1.817408
1.056000 1.819275
1.064000 1.821148
1.072000 1.823047
1.080000 1.824987
1.088000 1.826989
1.096000 1.829069
1.104000 1.831246
1.112000 1.833536
1.120000 1.835957
1.128000 1.838527
1.136000 1.841260
1.144000 1.844175
1.152000 1.847286
1.160000 1.850610
1.168000 1.854160
1.176000 1.857953
1.184000 1.862001
1.192000 1.866318
1.200000 1.870917
1.208000 1.875810
1.216000 1.881008
1.224000 1.886522
1.232000 1.892362
1.240000 1.898537
1.248000 1.905054
1.256000 1.911922
1.264000 1.919146
1.272000 1.926733
1.280000 1.934686
1.288000 1.943009
1.296000 1.951705
1.304000 1.960775
1.312000 1.970220
1.320000 1.980037
1.328000 1.990227
1.336000 2.000784
1.344000 2.011706
1.352000 2.022986
1.360000 2.034618
1.368000 2.046595
1.376000 2.058906
1.384000 2.071542
1.392000 2.084492
1.400000 2.097741
1.408000 2.111277
1.416000 2.125084
1.424000 2.139146
1.432000 2.153445
1.440000 2.167962
1.448000 2.182678
1.456000 2.197570
1.464000 2.212618
1.472000 2.227798
1.480000 2.243086
1.488000 2.258456
1.496000 2.273882
1.504000 2.289339
1.512000 2.304796
1.520000 2.320227
1.528000 2.335602
1.536000 2.350892
1.544000 2.366065
1.552000 2.381093
1.560000 2.395942
1.568000 2.410584
1.576000 2.424986
1.584000 2.439118
1.592000 2.452948
1.600000 2.466447
1.608000 2.479584
1.616000 2.492329
1.624000 2.504655
1.632000 2.516533
1.640000 2.527937
1.648000 2.538843
1.656000 2.549226
1.664000 2.559066
1.672000 2.568342
1.680000 2.577037
1.688000 2.585137
1.696000 2.592629
1.704000 2.599504
1.712000 2.605758
1.720000 2.611387
1.728000 2.616395
1.736000 2.620787
1.744000 2.624574
1.752000 2.627774
1.760000 2.630406
1.768000 2.632498
1.776000 2.634085
1.784000 2.635205
1.792000 2.635906
1.800000 2.636243
1.808000 2.636277
1.816000 2.636081
1.824000 2.635735
1.832000 2.635326
1.840000 2.634957
1.848000 2.634736
1.856000 2.634785
1.864000 2.635237
1.872000 2.636239
1.880000 2.637948
1.888000 2.640538
1.896000 2.644195
1.904000 2.649123
1.912000 2.655538
1.920000 2.663677
1.928000 2.673791
1.936000 2.686152
1.944000 2.701048
1.952000 2.718791
1.960000 2.739710
1.968000 2.764159
1.976000 2.792513
1.984000 2.825172
1.992000 2.862559
2.000000 2.905124
