-2.000000 2.828427
-1.992000 323.136630
-1.984000 557.567710
-1.976000 721.314124
-1.968000 827.446260
-1.960000 887.160610
-1.952000 910.002997
-1.944000 904.069032
-1.936000 876.183823
-1.928000 832.062793
-1.920000 776.455335
-1.912000 713.272864
-1.904000 645.702738
-1.896000 576.309367
-1.888000 507.123752
-1.880000 439.722565
-1.872000 375.297809
-1.864000 314.717997
-1.856000 258.581713
-1.848000 207.264348
-1.840000 160.958712
-1.832000 119.710204
-1.824000 83.447101
-1.816000 52.006540
-1.808000 25.156657
-1.800000 2.615339
-1.792000 -15.934011
-1.784000 -30.829335
-1.776000 -42.419082
-1.768000 -51.053374
-1.760000 -57.076917
-1.752000 -60.823418
-1.744000 -62.611302
-1.736000 -62.740531
-1.728000 -61.490372
-1.720000 -59.117956
-1.712000 -55.857502
-1.704000 -51.920088
-1.696000 -47.493873
-1.688000 -42.744674
-1.680000 -37.816827
-1.672000 -32.834269
-1.664000 -27.901776
-1.656000 -23.106307
-1.648000 -18.518424
-1.640000 -14.193744
-1.632000 -10.174394
-1.624000 -6.490449
-1.616000 -3.161331
-1.608000 -0.197153
-1.600000 2.400000
-1.592000 4.634865
-1.584000 6.517878
-1.576000 8.064135
-1.568000 9.292439
-1.560000 10.224433
-1.552000 10.883827
-1.544000 11.295700
-1.536000 11.485890
-1.528000 11.480466
-1.520000 11.305261
-1.512000 10.985496
-1.504000 10.545446
-1.496000 10.008186
-1.488000 9.395382
-1.480000 8.727131
-1.472000 8.021858
-1.464000 7.296237
-1.456000 6.565162
-1.448000 5.841743
-1.440000 5.137329
-1.432000 4.461555
-1.424000 3.822411
-1.416000 3.226320
-1.408000 2.678234
-1.400000 2.181742
-1.392000 1.739176
-1.384000 1.351728
-1.376000 1.019570
-1.368000 0.741969
-1.360000 0.517407
-1.352000 0.343694
-1.344000 0.218076
-1.336000 0.137346
-1.328000 0.097938
-1.320000 0.096022
-1.312000 0.127593
-1.304000 0.188545
-1.296000 0.274748
-1.288000 0.382107
-1.280000 0.506622
-1.272000 0.644435
-1.264000 0.791874
-1.256000 0.945484
-1.248000 1.102059
-1.240000 1.258660
-1.232000 1.412635
-1.224000 1.561624
-1.216000 1.703569
-1.208000 1.836712
-1.200000 1.959592
-1.192000 2.071036
-1.184000 2.170153
-1.176000 2.256314
-1.168000 2.329144
-1.160000 2.388497
-1.152000 2.434444
-1.144000 2.467247
-1.136000 2.487343
-1.128000 2.495318
-1.120000 2.491890
-1.112000 2.477885
-1.104000 2.454219
-1.096000 2.421873
-1.088000 2.381878
-1.080000 2.335298
-1.072000 2.283205
-1.064000 2.226672
-1.056000 2.166754
-1.048000 2.104475
-1.040000 2.040816
-1.032000 1.976706
-1.024000 1.913013
-1.016000 1.850536
-1.008000 1.790000
-1.000000 1.732051
-0.992000 1.677251
-0.984000 1.626080
-0.976000 1.578933
-0.968000 1.536121
-0.960000 1.497872
-0.952000 1.464334
-0.944000 1.435579
-0.936000 1.411606
-0.928000 1.392344
-0.920000 1.377662
-0.912000 1.367372
-0.904000 1.361232
-0.896000 1.358959
-0.888000 1.360229
-0.880000 1.364688
-0.872000 1.371956
-0.864000 1.381635
-0.856000 1.393314
-0.848000 1.406577
-0.840000 1.421006
-0.832000 1.436188
-0.824000 1.451722
-0.816000 1.467220
-0.808000 1.482316
-0.800000 1.496663
-0.792000 1.509944
-0.784000 1.521869
-0.776000 1.532180
-0.768000 1.540654
-0.760000 1.547101
-0.752000 1.551368
-0.744000 1.553336
-0.736000 1.552925
-0.728000 1.550087
-0.720000 1.544813
-0.712000 1.537122
-0.704000 1.527070
-0.696000 1.514739
-0.688000 1.500241
-0.680000 1.483712
-0.672000 1.465310
-0.664000 1.445214
-0.656000 1.423620
-0.648000 1.400735
-0.640000 1.376781
-0.632000 1.351983
-0.624000 1.326575
-0.616000 1.300787
-0.608000 1.274853
-0.600000 1.249000
-0.592000 1.223446
-0.584000 1.198403
-0.576000 1.174068
-0.568000 1.150627
-0.560000 1.128246
-0.552000 1.107075
-0.544000 1.087246
-0.536000 1.068868
-0.528000 1.052030
-0.520000 1.036797
-0.512000 1.023215
-0.504000 1.011303
-0.496000 1.001060
-0.488000 0.992461
-0.480000 0.985460
-0.472000 0.979991
-0.464000 0.975965
-0.456000 0.973277
-0.448000 0.971803
-0.440000 0.971405
-0.432000 0.971929
-0.424000 0.973210
-0.416000 0.975071
-0.408000 0.977330
-0.400000 0.979796
-0.392000 0.982275
-0.384000 0.984571
-0.376000 0.986489
-0.368000 0.987836
-0.360000 0.988424
-0.352000 0.988071
-0.344000 0.986605
-0.336000 0.983863
-0.328000 0.979696
-0.320000 0.973967
-0.312000 0.966556
-0.304000 0.957359
-0.296000 0.946290
-0.288000 0.933282
-0.280000 0.918287
-0.272000 0.901279
-0.264000 0.882250
-0.256000 0.861216
-0.248000 0.838210
-0.240000 0.813291
-0.232000 0.786533
-0.224000 0.758034
-0.216000 0.727907
-0.208000 0.696288
-0.200000 0.663325
-0.192000 0.629186
-0.184000 0.594050
-0.176000 0.558112
-0.168000 0.521576
-0.160000 0.484657
-0.152000 0.447576
-0.144000 0.410563
-0.136000 0.373848
-0.128000 0.337665
-0.120000 0.302249
-0.112000 0.267832
-0.104000 0.234640
-0.096000 0.202896
-0.088000 0.172814
-0.080000 0.144598
-0.072000 0.118441
-0.064000 0.094524
-0.056000 0.073011
-0.048000 0.054053
-0.040000 0.037780
-0.032000 0.024308
-0.024000 0.013729
-0.016000 0.006120
-0.008000 0.001533
0.000000 0.000000
0.008000 0.001533
0.016000 0.006120
0.024000 0.013729
0.032000 0.024308
0.040000 0.037780
0.048000 0.054053
0.056000 0.073011
0.064000 0.094524
0.072000 0.118441
0.080000 0.144598
0.088000 0.172814
0.096000 0.202896
0.104000 0.234640
0.112000 0.267832
0.120000 0.302249
0.128000 0.337665
0.136000 0.373848
0.144000 0.410563
0.152000 0.447576
0.160000 0.484657
0.168000 0.521576
0.176000 0.558112
0.184000 0.594050
0.192000 0.629186
0.200000 0.663325
0.208000 0.696288
0.216000 0.727907
0.224000 0.758034
0.232000 0.786533
0.240000 0.813291
0.248000 0.838210
0.256000 0.861216
0.264000 0.882250
0.272000 0.901279
0.280000 0.918287
0.288000 0.933282
0.296000 0.946290
0.304000 0.957359
0.312000 0.966556
0.320000 0.973967
0.328000 0.979696
0.336000 0.983863
0.344000 0.986605
0.352000 0.988071
0.360000 0.988424
0.368000 0.987836
0.376000 0.986489
0.384000 0.984571
0.392000 0.982275
0.400000 0.979796
0.408000 0.977330
0.416000 0.975071
0.424000 0.973210
0.432000 0.971929
0.440000 0.971405
0.448000 0.971803
0.456000 0.973277
0.464000 0.975965
0.472000 0.979991
0.480000 0.985460
0.488000 0.992461
0.496000 1.001060
0.504000 1.011303
0.512000 1.023215
0.520000 1.036797
0.528000 1.052030
0.536000 1.068868
0.544000 1.087246
0.552000 1.107075
0.560000 1.128246
0.568000 1.150627
0.576000 1.174068
0.584000 1.198403
0.592000 1.223446
0.600000 1.249000
0.608000 1.274853
0.616000 1.300787
0.624000 1.326575
0.632000 1.351983
0.640000 1.376781
0.648000 1.400735
0.656000 1.423620
0.664000 1.445214
0.672000 1.465310
0.680000 1.483712
0.688000 1.500241
0.696000 1.514739
0.704000 1.527070
0.712000 1.537122
0.720000 1.544813
0.728000 1.550087
0.736000 1.552925
0.744000 1.553336
0.752000 1.551368
0.760000 1.547101
0.768000 1.540654
0.776000 1.532180
0.784000 1.521869
0.792000 1.509944
0.800000 1.496663
0.808000 1.482316
0.816000 1.467220
0.824000 1.451722
0.832000 1.436188
0.840000 1.421006
0.848000 1.406577
0.856000 1.393314
0.864000 1.381635
0.872000 1.371956
0.880000 1.364688
0.888000 1.360229
0.896000 1.358959
0.904000 1.361232
0.912000 1.367372
0.920000 1.377662
0.928000 1.392344
0.936000 1.411606
0.944000 1.435579
0.952000 1.464334
0.960000 1.497872
0.968000 1.536121
0.976000 1.578933
0.984000 1.626080
0.992000 1.677251
1.000000 1.732051
1.008000 1.790000
1.016000 1.850536
1.024000 1.913013
1.032000 1.976706
1.040000 2.040816
1.048000 2.104475
1.056000 2.166754
1.064000 2.226672
1.072000 2.283205
1.080000 2.335298
1.088000 2.381878
1.096000 2.421873
1.104000 2.454219
1.112000 2.477885
1.120000 2.491890
1.128000 2.495318
1.136000 2.487343
1.144000 2.467247
1.152000 2.434444
1.160000 2.388497
1.168000 2.329144
1.176000 2.256314
1.184000 2.170153
1.192000 2.071036
1.200000 1.959592
1.208000 1.836712
1.216000 1.703569
1.224000 1.561624
1.232000 1.412635
1.240000 1.258660
1.248000 1.102059
1.256000 0.945484
1.264000 0.791874
1.272000 0.644435
1.280000 0.506622
1.288000 0.382107
1.296000 0.274748
1.304000 0.188545
1.312000 0.127593
1.320000 0.096022
1.328000 0.097938
1.336000 0.137346
1.344000 0.218076
1.352000 0.343694
1.360000 0.517407
1.368000 0.741969
1.376000 1.019570
1.384000 1.351728
1.392000 1.739176
1.400000 2.181742
1.408000 2.678234
1.416000 3.226320
1.424000 3.822411
1.432000 4.461555
1.440000 5.137329
1.448000 5.841743
1.456000 6.565162
1.464000 7.296237
1.472000 8.021858
1.480000 8.727131
1.488000 9.395382
1.496000 10.008186
1.504000 10.545446
1.512000 10.985496
1.520000 11.305261
1.528000 11.480466
1.536000 11.485890
1.544000 11.295700
1.552000 10.883827
1.560000 10.224433
1.568000 9.292439
1.576000 8.064135
1.584000 6.517878
1.592000 4.634865
1.600000 2.400000
1.608000 -0.197153
1.616000 -3.161331
1.624000 -6.490449
1.632000 -10.174394
1.640000 -14.193744
1.648000 -18.518424
1.656000 -23.106307
1.664000 -27.901776
1.672000 -32.834269
1.680000 -37.816827
1.688000 -42.744674
1.696000 -47.493873
1.704000 -51.920088
1.712000 -55.857502
1.720000 -59.117956
1.728000 -61.490372
1.736000 -62.740531
1.744000 -62.611302
1.752000 -60.823418
1.760000 -57.076917
1.768000 -51.053374
1.776000 -42.419082
1.784000 -30.829335
1.792000 -15.934011
1.800000 2.615339
1.808000 25.156657
1.816000 52.006540
1.824000 83.447101
1.832000 119.710204
1.840000 160.958712
1.848000 207.264348
1.856000 258.581713
1.864000 314.717997
1.872000 375.297809
1.880000 439.722565
1.888000 507.123752
1.896000 576.309367
1.904000 645.702738
1.912000 713.272864
1.920000 776.455335
1.928000 832.062793
1.936000 876.183823
1.944000 904.069032
1.952000 910.002997
1.960000 887.160610
1.968000 827.446260
1.976000 721.314124
1.984000 557.567710
1.992000 323.136630
2.000000 2.828427
